503.9360001087189 
125 
50146.0 47096.0 
50148.0 46116.0 
50154.0 46020.0 
50156.0 45246.0 
50158.0 44266.0 
50164.0 44170.0 
50170.0 43932.0 
50174.0 43688.0 
50176.0 42708.0 
50182.0 42612.0 
50188.0 42578.0 
50244.0 42012.0 
50250.0 41916.0 
50252.0 41720.0 
50258.0 41624.0 
50264.0 41590.0 
50296.0 41512.0 
50298.0 41458.0 
50300.0 41268.0 
50302.0 40288.0 
50318.0 40220.0 
50324.0 40146.0 
50330.0 39886.0 
50332.0 38984.0 
50336.0 38662.0 
50342.0 38588.0 
50400.0 38288.0 
50404.0 37966.0 
50410.0 37892.0 
50412.0 37674.0 
50418.0 37600.0 
50480.0 37588.0 
50502.0 37066.0 
50508.0 36970.0 
50514.0 36732.0 
50520.0 35508.0 
50526.0 35412.0 
50532.0 35378.0 
50590.0 35188.0 
50596.0 35092.0 
50602.0 35058.0 
50628.0 34646.0 
50640.0 34312.0 
50642.0 34258.0 
50646.0 33088.0 
50662.0 33020.0 
50668.0 32946.0 
50674.0 32686.0 
50676.0 31784.0 
50680.0 31462.0 
50686.0 31388.0 
50750.0 31142.0 
50756.0 31068.0 
50818.0 30850.0 
50824.0 30776.0 
50882.0 30754.0 
50888.0 30680.0 
50932.0 30518.0 
50934.0 30406.0 
50936.0 30196.0 
50942.0 30122.0 
51116.0 30082.0 
51134.0 30080.0 
51136.0 29860.0 
51142.0 29786.0 
51260.0 29544.0 
51266.0 29470.0 
51288.0 29420.0 
51292.0 29098.0 
51298.0 29024.0 
51374.0 28956.0 
51378.0 28634.0 
51384.0 28560.0 
51414.0 28022.0 
51620.0 27926.0 
51728.0 27774.0 
51734.0 27700.0 
51876.0 27698.0 
51916.0 27662.0 
51924.0 27608.0 
51926.0 27388.0 
51928.0 27286.0 
51930.0 27066.0 
51936.0 26992.0 
51980.0 26830.0 
51984.0 26508.0 
51990.0 26434.0 
52028.0 26340.0 
52032.0 26018.0 
52038.0 25944.0 
52308.0 25856.0 
52314.0 25782.0 
52336.0 25732.0 
52340.0 25410.0 
52346.0 25336.0 
52418.0 25054.0 
52534.0 24530.0 
52740.0 24434.0 
53036.0 24170.0 
53290.0 24094.0 
53296.0 24020.0 
53318.0 23970.0 
53322.0 23648.0 
53328.0 23574.0 
53430.0 23438.0 
53434.0 23064.0 
53550.0 22540.0 
54020.0 22412.0 
54058.0 22300.0 
54498.0 22064.0 
54896.0 21972.0 
54904.0 21548.0 
55374.0 21420.0 
55412.0 21308.0 
55596.0 21216.0 
55852.0 21072.0 
56104.0 20976.0 
56492.0 20942.0 
56544.0 20740.0 
57044.0 20690.0 
57184.0 20610.0 
57366.0 20452.0 
57732.0 20434.0 
58718.0 20432.0 
59820.0 20350.0 
