12.875 
28 
116256.0 73614.0 
116259.0 69435.0 
116268.0 68997.0 
116289.0 65418.0 
116334.0 65169.0 
116361.0 63120.0 
116391.0 59103.0 
116436.0 58854.0 
116469.0 57426.0 
116508.0 56124.0 
116517.0 55014.0 
116544.0 54120.0 
116592.0 53955.0 
116625.0 52527.0 
116784.0 50325.0 
117033.0 48726.0 
117309.0 48225.0 
117558.0 46626.0 
117774.0 44670.0 
118218.0 43848.0 
118971.0 43416.0 
119019.0 43296.0 
119919.0 42639.0 
119973.0 42369.0 
120003.0 40680.0 
120195.0 39831.0 
132831.0 39411.0 
133275.0 38589.0 
