6031.677000045776 
421 
114852.0 610026.0 
114942.0 608001.0 
114981.0 607878.0 
114996.0 606705.0 
115071.0 605853.0 
115086.0 604680.0 
115125.0 604557.0 
115185.0 604365.0 
115215.0 602532.0 
115230.0 597015.0 
115320.0 594990.0 
115359.0 594867.0 
115374.0 593694.0 
115449.0 592842.0 
115464.0 591669.0 
115503.0 591546.0 
115563.0 591354.0 
115593.0 589521.0 
115692.0 589206.0 
115818.0 589191.0 
115908.0 587166.0 
115947.0 587043.0 
115953.0 583833.0 
116043.0 581808.0 
116082.0 581685.0 
116097.0 580512.0 
116139.0 579534.0 
116187.0 578487.0 
116226.0 578364.0 
116229.0 577509.0 
116283.0 576213.0 
116373.0 574188.0 
116472.0 573873.0 
116499.0 573360.0 
116562.0 573144.0 
116616.0 571848.0 
116643.0 565695.0 
116733.0 563670.0 
116787.0 562374.0 
116850.0 562158.0 
116877.0 560349.0 
116940.0 560133.0 
116994.0 558837.0 
117084.0 556812.0 
117321.0 555846.0 
117375.0 554550.0 
117438.0 554334.0 
117465.0 552525.0 
117528.0 552309.0 
117582.0 551013.0 
117672.0 548988.0 
117894.0 547722.0 
117948.0 546426.0 
118038.0 544401.0 
118233.0 544383.0 
118272.0 544200.0 
118287.0 543087.0 
118362.0 542175.0 
118377.0 541062.0 
118482.0 539898.0 
118536.0 538602.0 
118626.0 536577.0 
118818.0 533076.0 
118908.0 531051.0 
119241.0 530676.0 
119253.0 530169.0 
119331.0 528651.0 
119433.0 528252.0 
119448.0 525291.0 
119538.0 523266.0 
119829.0 522852.0 
119918.99898172448 520827.0123688612 
119979.0 517128.0 
120069.0 515103.0 
120549.0 515049.0 
120609.0 509343.0 
120699.0 507318.0 
121356.0 506724.0 
121446.0 504699.0 
121554.0 503571.0 
121644.0 501546.0 
121911.0 500469.0 
122166.0 500169.0 
122190.0 498420.0 
122280.0 496395.0 
122631.0 495939.0 
122805.0 493641.0 
122820.0 490635.0 
122910.0 488610.0 
123357.0 483609.0 
123936.0 480558.0 
123966.0 477693.0 
124500.0 477684.0 
124590.0 475659.0 
124911.0 475587.0 
124923.0 475341.0 
125010.0 475125.0 
125070.0 474117.0 
125178.0 472857.0 
125349.0 471303.0 
125535.0 469887.0 
125772.0 469416.0 
125832.0 469296.0 
125835.0 469113.0 
125859.0 468135.0 
125862.0 467391.0 
126096.0 465276.0 
126390.0 463995.0 
126411.0 463320.0 
126444.0 463197.0 
126507.0 462333.0 
126666.0 462195.0 
126678.0 461079.0 
126699.0 460404.0 
126705.0 459360.0 
126942.0 457995.0 
127359.0 456438.0 
127620.0 456081.0 
127662.0 454584.0 
127776.0 451650.0 
127821.0 448701.0 
127911.0 446676.0 
128577.0 442650.0 
128667.0 440625.0 
129573.0 439917.0 
129912.0 439821.0 
130002.0 437796.0 
130344.0 436155.0 
130434.0 434130.0 
130709.99821046393 433713.0124983974 
130800.0 431688.0 
131634.0 431514.0 
131706.0 430980.0 
131721.0 430281.0 
132315.0 429744.0 
132354.0 429150.0 
132405.0 427719.0 
132477.0 427218.0 
132567.0 425193.0 
132852.0 423351.0 
132942.0 421326.0 
134094.0 420432.0 
134220.0 419949.0 
134513.99989664796 419415.0023313841 
134523.0 416046.0 
134532.0 415293.0 
134709.0 414831.0 
135237.0 414174.0 
135384.0 413595.0 
135465.0 413001.0 
135474.0 411570.0 
136443.0 409836.0 
136632.0 408144.0 
137031.0 408099.0 
137034.0 407355.0 
137436.0 407121.0 
137613.0 407037.0 
137643.0 404172.0 
138204.0 403953.0 
138393.0 403077.0 
138417.0 403032.0 
138450.0 402906.0 
138459.0 402153.0 
138600.0 401103.0 
138723.0 400500.0 
138879.0 400260.0 
139365.0 400095.0 
139386.0 400074.0 
139443.0 400029.0 
139533.0 399759.0 
139551.0 398658.0 
139593.0 398100.0 
139641.0 396633.0 
139731.0 395217.0 
140262.0 394488.0 
140307.0 394260.0 
140316.0 393507.0 
140739.0 391932.0 
140748.0 391179.0 
141030.0 391155.0 
141057.0 390324.0 
141126.0 389187.0 
141525.0 389142.0 
141528.0 388398.0 
141750.0 387633.0 
142200.0 386298.0 
142719.0 383709.0 
143001.0 383193.0 
143208.0 381219.0 
143937.0 381072.0 
144027.0 380802.0 
144177.0 380040.0 
144240.0 379773.0 
144252.0 379557.0 
144267.0 378015.0 
144858.0 377532.0 
145266.0 376773.0 
145287.0 373599.0 
145824.0 373122.0 
146103.0 372141.0 
146505.0 372039.0 
146520.0 371691.0 
146652.0 371457.0 
146655.0 370713.0 
146817.0 370188.0 
147306.0 369834.0 
147327.0 368613.0 
147426.0 364770.0 
148767.0 364464.0 
148998.0 364137.0 
149061.0 364131.0 
149064.0 363387.0 
149097.0 362760.0 
149439.0 362364.0 
149589.0 361137.0 
149820.0 360810.0 
149835.0 357444.0 
150315.0 356760.0 
150405.0 354735.0 
151524.0 353160.0 
151551.0 352623.0 
151611.0 350637.0 
152175.0 350601.0 
152496.0 344586.0 
154029.0 344097.0 
154737.0 343650.0 
154854.0 342183.0 
155199.0 341886.0 
155544.0 341106.0 
155661.0 341100.0 
155847.0 341016.0 
155886.0 340629.0 
156114.0 338925.0 
156330.0 337956.0 
156777.0 336708.0 
156825.0 336366.0 
156828.0 336264.0 
156975.0 336234.0 
157236.0 332802.0 
157239.0 332700.0 
158223.0 331251.0 
158589.0 329787.0 
158802.0 329049.0 
159912.0 327903.0 
160011.0 327033.0 
160164.0 326925.0 
160245.0 326271.0 
160248.0 326169.0 
160386.0 325620.0 
160920.0 324063.0 
161082.0 323637.0 
161277.0 322074.0 
161280.0 321972.0 
161388.0 321273.0 
161532.0 318798.0 
161841.0 318702.0 
162879.0 317691.0 
162996.0 317412.0 
163056.0 314640.0 
164754.0 314445.0 
164778.0 312741.0 
164940.0 312315.0 
165156.0 312027.0 
165159.0 311925.0 
165204.0 309777.0 
165411.0 308751.0 
165585.0 308295.0 
165852.0 307941.0 
165870.0 307314.0 
166623.0 305331.0 
166914.0 303318.0 
167580.0 303204.0 
168261.0 302211.0 
168888.0 301608.0 
169437.0 300957.0 
169821.0 300924.0 
170028.0 299532.0 
170166.0 299001.0 
170358.0 298635.0 
170481.0 296961.0 
170865.0 296928.0 
171006.0 296799.0 
171024.0 296172.0 
171363.0 295926.0 
171417.0 295263.0 
171684.0 294909.0 
171702.0 294282.0 
172068.0 292176.0 
172407.0 291930.0 
172494.0 291477.0 
172746.0 290286.0 
174024.0 287679.0 
174720.0 286854.0 
174750.0 286446.0 
175380.0 285543.0 
176043.0 285072.0 
176190.0 284268.0 
176397.0 283173.0 
177180.0 282528.0 
177552.0 281883.0 
177633.0 279957.0 
178395.0 278529.0 
178590.0 278097.0 
178674.0 277524.0 
179685.0 276762.0 
179895.0 276207.0 
180936.0 274914.0 
180978.0 272934.0 
182175.0 271680.0 
182430.0 271353.0 
182628.0 269109.0 
183327.0 268299.0 
183462.0 267750.0 
184287.0 267159.0 
184296.0 266742.0 
184509.0 266454.0 
184749.0 266436.0 
184812.0 262662.0 
184971.0 261552.0 
185265.0 260091.0 
185424.0 258981.0 
186015.0 257556.0 
186468.0 254985.0 
189033.0 254409.0 
189293.99832111323 254277.00036521524 
189486.0 251838.0 
189792.0 251466.0 
190245.0 248895.0 
192066.0 248463.0 
192528.0 248004.0 
192981.0 245433.0 
194616.0 243471.0 
194763.0 243117.0 
195024.0 242985.0 
195069.0 240900.0 
195216.0 240546.0 
196998.0 239868.0 
197934.0 237924.0 
198225.0 237864.0 
198951.0 237261.0 
199614.0 236445.0 
199791.0 236316.0 
199929.0 236190.0 
200256.0 236154.0 
200361.0 235764.0 
200442.0 235107.0 
200583.0 233496.0 
201102.0 232743.0 
201300.0 232158.0 
201396.0 231753.0 
202182.0 230649.0 
202329.0 229494.0 
202779.0 229326.0 
204156.0 229101.0 
204375.0 228798.0 
204927.0 227031.0 
206700.0 226149.0 
207015.0 225189.0 
207561.0 225105.0 
207816.0 225036.0 
208005.0 224472.0 
208185.0 223350.0 
208305.0 222780.0 
208950.0 222510.0 
209154.0 222165.0 
209532.0 221838.0 
210192.0 221814.0 
210303.0 220569.0 
211614.0 220029.0 
211641.0 219291.0 
211914.0 218580.0 
211920.0 218520.0 
212382.0 218115.0 
212439.0 217497.0 
212577.0 216726.0 
213021.0 216666.0 
213198.0 215316.0 
213498.0 213846.0 
213870.0 213822.0 
215958.0 213675.0 
216024.0 213300.0 
216219.0 211635.0 
216897.0 211575.0 
217110.0 210948.0 
217137.0 210255.0 
217881.0 209271.0 
218193.0 209040.0 
218343.0 209016.0 
218379.0 204855.0 
219318.0 204798.0 
219906.0 202221.0 
221664.0 201231.0 
223710.0 200535.0 
224883.0 200496.0 
225078.0 200208.0 
225081.0 199941.0 
225618.0 199938.0 
225861.0 198930.0 
226395.0 198804.0 
226599.0 198801.0 
226679.99083845929 196947.00881250738 
226701.0 196665.0 
226923.0 195777.0 
227166.0 195582.0 
228543.0 195357.0 
228675.0 195240.0 
228690.0 194349.0 
228933.0 194154.0 
228987.0 193125.0 
230739.0 192588.0 
230754.0 191697.0 
232362.0 191241.0 
232605.0 190233.0 
233430.0 188859.0 
233445.0 187968.0 
239871.0 185622.0 
240324.0 184596.0 
241779.0 184437.0 
242064.0 180555.0 
247632.0 179955.0 
250971.0 177288.0 
