4604.592000007629 
73 
132878.0 73952.0 
132880.0 72092.0 
132908.0 71528.0 
133016.0 70802.0 
133044.0 70238.0 
133054.0 69222.0 
133066.0 68080.0 
133078.0 67742.0 
133158.0 67654.0 
133196.0 67536.0 
133204.0 66520.0 
133208.0 66394.0 
133270.0 65926.0 
133276.0 65648.0 
133282.0 64784.0 
133288.0 64506.0 
133324.0 64432.0 
133330.0 64154.0 
133336.0 63290.0 
133342.0 63012.0 
133422.0 62924.0 
133470.0 62272.0 
133474.0 62074.0 
133476.0 61994.0 
133480.0 61796.0 
133560.0 61708.0 
133628.0 61480.0 
133668.0 61478.0 
133672.0 61328.0 
133674.0 61248.0 
133676.0 60264.0 
133682.0 59986.0 
133810.0 59246.0 
133814.0 59048.0 
133816.0 58968.0 
133820.0 58770.0 
134008.0 58452.0 
134012.0 58302.0 
134014.0 58222.0 
134018.0 58024.0 
134156.0 57988.0 
134160.0 57790.0 
134162.0 57696.0 
134166.0 57498.0 
134244.0 56916.0 
134250.0 56638.0 
134320.0 56568.0 
134324.0 56370.0 
134378.0 55898.0 
134382.0 55700.0 
134384.0 55620.0 
134388.0 55422.0 
134902.0 55414.0 
134918.0 55368.0 
134922.0 55170.0 
134926.0 55078.0 
134930.0 55072.0 
134934.0 54874.0 
136288.0 54824.0 
136414.0 54814.0 
136418.0 54616.0 
139024.0 54552.0 
139094.0 54368.0 
139138.0 54276.0 
139232.0 54082.0 
139536.0 53564.0 
139814.0 53142.0 
139852.0 52672.0 
139890.0 52616.0 
140236.0 52236.0 
141028.0 52178.0 
141042.0 51982.0 
141500.0 51968.0 
