1814.026999950409 
265 
49649.0 52029.0 
49654.0 51571.0 
49669.0 51263.0 
49694.0 50984.0 
49699.0 50526.0 
49704.0 50517.0 
49714.0 50218.0 
49739.0 49988.0 
49744.0 49979.0 
49754.0 49680.0 
49778.0 49513.0 
49803.0 49283.0 
49808.0 49274.0 
49814.0 49222.0 
49818.0 48975.0 
49857.0 48902.0 
49860.0 48894.0 
49863.0 48825.0 
49868.0 48816.0 
49871.0 48788.0 
49875.0 48586.0 
49878.0 48517.0 
49886.0 48480.0 
49895.0 48277.0 
49924.0 48108.0 
49929.0 48099.0 
49935.0 48002.0 
49939.0 47800.0 
49944.0 47799.0 
49949.0 47790.0 
49950.0 47694.0 
49959.0 47491.0 
49988.0 47403.0 
49993.0 47394.0 
49998.0 47367.0 
49999.0 47297.0 
50003.0 47095.0 
50008.0 47094.0 
50013.0 47085.0 
50014.0 46989.0 
50023.0 46786.0 
50053.0 46770.0 
50058.0 46769.0 
50062.0 46662.0 
50067.0 46661.0 
50072.0 46652.0 
50073.0 46461.0 
50082.0 46353.0 
50112.0 46337.0 
50117.0 46336.0 
50122.0 46327.0 
50123.0 46231.0 
50132.0 46028.0 
50192.0 45828.0 
50201.0 45744.0 
50242.0 45693.0 
50251.0 45585.0 
50261.0 45544.0 
50271.0 45518.0 
50292.0 45463.0 
50296.0 45375.0 
50301.0 45260.0 
50340.0 45234.0 
50361.0 45060.0 
50372.0 45051.0 
50376.0 45049.0 
50396.0 44977.0 
50415.0 44932.0 
50426.0 44890.0 
50432.0 44851.0 
50440.0 44750.0 
50465.0 44607.0 
50476.0 44565.0 
50500.0 44550.0 
50511.0 44541.0 
50515.0 44539.0 
50535.0 44467.0 
50536.0 44365.0 
50560.0 44324.0 
50590.0 44237.0 
50604.0 44097.0 
50615.0 44055.0 
50640.0 43912.0 
50675.0 43855.0 
50699.0 43814.0 
50729.0 43727.0 
50764.0 43710.0 
50769.0 43701.0 
50779.0 43402.0 
50857.0 43387.0 
50888.0 43378.0 
50891.0 43348.0 
50902.0 43337.0 
50911.0 43328.0 
50921.0 43090.0 
50952.0 43052.0 
50956.0 43033.0 
50987.0 42995.0 
50991.0 42986.0 
51006.0 42884.0 
51041.0 42827.0 
51050.0 42818.0 
51060.0 42580.0 
51091.0 42542.0 
51145.0 42374.0 
51223.0 42359.0 
51231.0 42278.0 
51246.0 42198.0 
51249.0 42187.0 
51281.0 42141.0 
51305.0 42100.0 
51335.0 42091.0 
51348.0 42027.0 
51360.0 41939.0 
51370.0 41935.0 
51375.0 41926.0 
51385.0 41688.0 
51463.0 41673.0 
51471.0 41592.0 
51533.0 41544.0 
51574.0 41524.0 
51581.0 41500.0 
51595.0 41465.0 
51598.0 41437.0 
51617.0 41388.0 
51618.0 41361.0 
51634.0 41343.0 
51639.0 41341.0 
51670.0 41294.0 
51673.0 41270.0 
51675.0 41252.0 
51678.0 41224.0 
51685.0 41047.0 
51763.0 41032.0 
51771.0 40951.0 
51833.0 40903.0 
51850.0 40821.0 
51869.0 40807.0 
51886.0 40732.0 
51889.0 40704.0 
51925.0 40610.0 
51964.0 40537.0 
52014.0 40489.0 
52053.0 40416.0 
52075.0 40331.0 
52142.0 40309.0 
52145.0 40281.0 
52150.0 40180.0 
52169.0 40166.0 
52186.0 40091.0 
52189.0 40063.0 
52225.0 39969.0 
52264.0 39896.0 
52373.0 39825.0 
52414.0 39805.0 
52453.0 39732.0 
52550.0 39695.0 
52562.0 39661.0 
52581.0 39633.0 
52617.0 39539.0 
52656.0 39466.0 
52765.0 39395.0 
52806.0 39375.0 
52845.0 39302.0 
52942.0 39265.0 
52954.0 39231.0 
52966.0 39108.0 
53005.0 39035.0 
53114.0 38964.0 
53155.0 38944.0 
53194.0 38871.0 
53303.0 38800.0 
53348.0 38796.0 
53358.0 38678.0 
53397.0 38605.0 
53506.0 38534.0 
53547.0 38514.0 
53586.0 38441.0 
53695.0 38370.0 
53740.0 38366.0 
53778.99992266599 38293.00004240335 
53888.0 38222.0 
53959.0 38210.0 
53980.0 38172.0 
53998.0 38137.0 
54089.0 38101.0 
54107.0 38066.0 
54134.0 38050.0 
54169.0 38008.0 
54191.0 37989.0 
54278.0 37937.0 
54300.0 37918.0 
54323.0 37886.0 
54392.0 37868.0 
54473.0 37851.0 
54501.0 37797.0 
54524.0 37765.0 
54546.0 37746.0 
54565.0 37745.0 
54581.0 37704.0 
54690.0 37633.0 
54713.0 37601.0 
54735.0 37582.0 
54820.0 37564.0 
54885.0 37547.0 
54907.0 37512.0 
54929.0 37493.0 
54936.0 37461.0 
54977.0 37441.0 
55033.0 37403.0 
55125.0 37297.0 
55210.0 37279.0 
55289.0 37261.0 
55319.0 37208.0 
55428.0 37178.0 
55446.0 37175.0 
55500.0 37142.0 
55537.0 37107.0 
55553.0 37101.0 
55592.0 37028.0 
55670.0 37013.0 
55701.0 36957.0 
55779.0 36942.0 
55830.0 36922.0 
55840.0 36874.0 
55949.0 36803.0 
56064.0 36778.0 
56105.0 36758.0 
56120.0 36746.0 
56141.0 36745.0 
56144.0 36685.0 
56159.0 36673.0 
56174.0 36672.0 
56213.0 36599.0 
56287.0 36598.0 
56320.0 36525.0 
56359.0 36452.0 
56468.0 36381.0 
56571.0 36369.0 
56586.0 36368.0 
56625.0 36295.0 
56732.0 36221.0 
56771.0 36148.0 
56880.0 36077.0 
57188.0 36051.0 
57227.0 35978.0 
57336.0 35907.0 
57439.0 35895.0 
57454.0 35894.0 
57493.0 35821.0 
57600.0 35747.0 
57639.0 35674.0 
57748.0 35603.0 
58619.0 35596.0 
58728.0 35525.0 
58837.0 35518.0 
58876.0 35445.0 
58985.0 35374.0 
60092.0 35357.0 
60265.0 35330.0 
60290.0 35302.0 
60508.0 35280.0 
60533.0 35252.0 
61003.0 35234.0 
61246.0 35184.0 
