365.4889998435974 
47 
24492.0 45399.0 
24495.0 42258.0 
24500.99997788461 40185.001251187285 
24504.0 38394.0 
24771.0 37572.0 
25014.0 35652.0 
25095.0 34710.0 
25098.0 32919.0 
25260.0 32895.0 
25341.0 30999.0 
25506.0 29841.0 
26028.0 29277.0 
26166.0 28629.0 
26328.0 27300.0 
26715.0 26793.0 
27114.0 25812.0 
27171.0 24156.0 
27324.0 23943.0 
27357.0 23892.0 
27510.0 23679.0 
27945.0 23079.0 
29058.0 23040.0 
29241.0 22836.0 
29247.0 22395.0 
29559.0 21909.0 
29583.0 21870.0 
29778.0 21675.0 
29823.0 21504.0 
29958.0 21465.0 
29970.0 21456.0 
30057.0 21381.0 
30072.0 21363.0 
30132.0 20874.0 
30279.0 20385.0 
30741.0 20319.0 
30900.0 19986.0 
31080.0 19947.0 
31212.0 19788.0 
31233.0 19308.0 
31419.0 19023.0 
31971.0 18486.0 
32139.0 18258.0 
33243.0 18138.0 
33522.0 17874.0 
34680.0 17673.0 
36024.0 17070.0 
37476.0 16566.0 
