2564.4990000724792 
310 
53839.0 54768.0 
53843.0 54700.0 
53849.0 54555.0 
53850.0 53933.0 
53854.0 53865.0 
53855.0 53831.0 
53860.0 53720.0 
53864.0 53652.0 
53865.0 53618.0 
53866.0 52996.0 
53876.0 52783.0 
53893.0 52642.0 
53910.0 52628.0 
53918.0 52548.0 
53927.0 52487.0 
53935.0 52205.0 
53945.0 51992.0 
53962.0 51851.0 
53972.0 51573.0 
53982.0 51360.0 
54007.0 51266.0 
54016.0 51205.0 
54041.0 50782.0 
54051.0 50569.0 
54076.0 50475.0 
54085.0 50414.0 
54110.0 50320.0 
54120.0 50299.0 
54126.0 50149.0 
54151.0 50055.0 
54155.0 49993.0 
54175.0 49881.0 
54185.0 49668.0 
54210.0 49574.0 
54219.0 49513.0 
54244.0 49419.0 
54254.0 49398.0 
54260.0 49248.0 
54285.0 49154.0 
54289.0 49092.0 
54314.0 48998.0 
54320.0 48900.0 
54339.0 48810.0 
54345.0 48806.0 
54354.0 48745.0 
54364.0 48672.0 
54373.0 48649.0 
54384.0 48579.0 
54388.99999792847 48577.99999955327 
54393.0 48544.0 
54395.0 48480.0 
54404.0 48368.0 
54424.0 48324.0 
54427.0 48224.0 
54432.0 48071.0 
54437.0 48011.0 
54442.0 47858.0 
54471.0 47856.0 
54476.0 47703.0 
54506.0 47639.0 
54525.0 47575.0 
54538.0 47545.0 
54540.0 47484.0 
54551.0 47416.0 
54567.0 47303.0 
54572.0 47243.0 
54577.0 47090.0 
54596.0 47000.0 
54611.0 46935.0 
54630.0 46845.0 
54660.0 46781.0 
54675.0 46716.0 
54686.0 46648.0 
54694.0 46626.0 
54705.0 46558.0 
54720.0 46493.0 
54739.0 46403.0 
54755.0 46358.0 
54778.0 46258.0 
54808.0 46231.0 
54820.0 46206.0 
54823.0 46142.0 
54830.0 45993.0 
54833.0 45929.0 
54847.0 45899.0 
54859.0 45874.0 
54868.0 45814.0 
54869.0 45661.0 
54908.0 45509.0 
54922.0 45479.0 
54943.0 45394.0 
54954.0 45388.0 
54961.0 45387.0 
54965.0 45225.0 
54984.0 45135.0 
54994.0 45106.0 
55004.0 44893.0 
55023.0 44803.0 
55088.0 44768.0 
55100.0 44750.0 
55107.0 44678.0 
55108.0 44658.0 
55123.0 44653.0 
55127.0 44568.0 
55131.0 44558.0 
55143.0 44543.0 
55150.0 44468.0 
55162.0 44453.0 
55166.0 44443.0 
55182.0 44405.0 
55185.0 44353.0 
55192.0 44192.0 
55211.0 44102.0 
55212.0 44082.0 
55231.0 43992.0 
55235.0 43982.0 
55254.0 43892.0 
55358.0 43812.0 
55372.0 43803.0 
55376.0 43793.0 
55384.0 43724.0 
55388.0 43714.0 
55395.0 43703.0 
55404.0 43662.0 
55405.0 43642.0 
55407.0 43624.0 
55424.0 43552.0 
55428.0 43542.0 
55447.0 43452.0 
55548.0 43435.0 
55551.0 43372.0 
55565.0 43363.0 
55569.0 43353.0 
55577.0 43284.0 
55581.0 43274.0 
55588.0 43263.0 
55600.0 43184.0 
55668.0 43125.0 
55682.0 43028.0 
55691.0 43025.0 
55699.0 42864.0 
55722.0 42764.0 
55827.0 42687.0 
55831.0 42686.0 
55840.0 42675.0 
55852.0 42596.0 
55863.0 42575.0 
55875.0 42496.0 
55892.0 42424.0 
55915.0 42324.0 
55993.0 42260.0 
56020.0 42247.0 
56024.0 42246.0 
56033.0 42235.0 
56037.0 42185.0 
56045.0 42156.0 
56056.0 42135.0 
56068.0 42056.0 
56074.0 42001.0 
56105.0 41934.0 
56132.0 41923.0 
56184.0 41921.0 
56186.0 41820.0 
56215.0 41812.0 
56227.0 41733.0 
56258.0 41666.0 
56267.0 41561.0 
56298.0 41494.0 
56372.0 41484.0 
56376.0 41483.0 
56377.0 41481.0 
56383.0 41477.0 
56403.0 41417.0 
56407.0 41416.0 
56408.0 41372.0 
56420.0 41293.0 
56451.0 41226.0 
56510.0 41147.0 
56561.0 41104.0 
56592.0 41037.0 
56644.0 40945.0 
56663.0 40879.0 
56740.0 40854.0 
56760.0 40850.0 
56768.0 40802.0 
56772.0 40771.0 
56785.0 40756.0 
56797.0 40677.0 
56824.0 40676.0 
56850.0 40667.0 
56902.0 40600.0 
56906.0 40599.0 
56913.0 40582.0 
56938.0 40488.0 
56965.0 40487.0 
56991.0 40478.0 
57003.0 40399.0 
57012.0 40317.0 
57113.0 40300.0 
57117.0 40240.0 
57121.0 40239.0 
57144.0 40210.0 
57153.0 40128.0 
57165.0 40049.0 
57270.0 39972.0 
57274.0 39971.0 
57306.0 39860.0 
57411.0 39783.0 
57415.0 39782.0 
57483.0 39763.0 
57520.0 39705.0 
57535.0 39663.0 
57640.0 39586.0 
57644.0 39585.0 
57712.0 39566.0 
57731.0 39559.0 
57749.0 39508.0 
57817.0 39489.0 
57836.0 39482.0 
57840.0 39481.0 
57908.0 39462.0 
57945.0 39404.0 
57955.0 39361.0 
58035.0 39348.0 
58039.0 39316.0 
58064.0 39283.0 
58132.0 39264.0 
58150.0 39256.0 
58174.0 39207.0 
58176.0 39159.0 
58222.0 39099.0 
58293.0 39086.0 
58331.0 39021.0 
58363.0 38910.0 
58472.0 38832.0 
58540.0 38813.0 
58592.0 38713.0 
58617.0 38703.0 
58643.0 38698.0 
58655.0 38643.0 
58701.0 38635.0 
58748.0 38621.0 
58760.0 38566.0 
58846.0 38506.0 
58872.0 38501.0 
58884.0 38446.0 
58977.0 38424.0 
58989.0 38369.0 
59154.0 38363.0 
59238.0 38349.0 
59261.0 38348.0 
59280.0 38279.0 
59313.0 38232.0 
59358.0 38230.0 
59383.0 38220.0 
59409.0 38215.0 
59421.0 38160.0 
59467.0 38152.0 
59509.0 38082.0 
59526.0 38049.0 
59542.0 38035.0 
59612.0 38023.0 
59638.0 38018.0 
59650.0 37963.0 
59734.0 37923.0 
59755.0 37852.0 
59820.0 37825.0 
59852.0 37819.0 
59938.0 37808.0 
59957.0 37742.0 
59963.0 37726.0 
60049.0 37628.0 
60081.0 37622.0 
60167.0 37611.0 
60186.0 37545.0 
60272.0 37534.0 
60274.0 37469.0 
60367.0 37429.0 
60392.0 37365.0 
60497.0 37288.0 
60503.0 37272.0 
60596.0 37232.0 
60621.0 37168.0 
60726.0 37091.0 
60821.0 37073.0 
60913.0 37062.0 
60981.0 37018.0 
61031.0 37004.0 
61040.0 36986.0 
61050.0 36876.0 
61263.0 36805.0 
61269.0 36789.0 
61362.0 36749.0 
61387.0 36685.0 
61492.0 36608.0 
61587.0 36590.0 
61679.0 36579.0 
61747.0 36535.0 
61797.0 36521.0 
61816.0 36393.0 
62169.0 36373.0 
62491.0 36332.0 
62541.0 36318.0 
62560.0 36190.0 
63207.0 36090.0 
63809.0 35989.0 
63846.0 35934.0 
64456.0 35889.0 
65339.0 35779.0 
69548.0 35729.0 
