19082.3109998703 
103 
61844.0 51606.0 
61846.0 49244.0 
61848.0 48506.0 
61850.0 46144.0 
61854.0 46124.0 
61856.0 43762.0 
61862.0 43074.0 
61874.0 42792.0 
61880.0 42104.0 
61914.0 41294.0 
61930.0 39256.0 
61936.0 38568.0 
61970.0 37758.0 
62016.0 37170.0 
62030.0 37048.0 
62032.0 36626.0 
62064.0 36378.0 
62066.0 35816.0 
62110.0 35038.0 
62274.0 34384.0 
62320.0 34266.0 
62354.0 33456.0 
62508.0 33438.0 
62530.0 33236.0 
62558.0 33020.0 
62564.0 32704.0 
62598.0 31894.0 
62758.0 31724.0 
62764.0 31454.0 
62910.0 31142.0 
62912.0 31006.0 
62922.0 30880.0 
62932.0 30646.0 
62974.0 30598.0 
63130.0 30586.0 
63258.0 30412.0 
63276.0 29916.0 
63382.0 29796.0 
63402.0 29270.0 
63404.0 29130.0 
63562.0 29100.0 
63564.0 28960.0 
63568.0 28830.0 
63570.0 28690.0 
63610.0 28668.0 
63652.0 28620.0 
63714.0 28518.0 
63716.0 28378.0 
63718.0 28242.0 
63728.0 28116.0 
63736.0 28022.0 
63738.0 27882.0 
63780.0 27834.0 
63936.0 27822.0 
64080.0 27292.0 
64240.0 27122.0 
64246.0 26852.0 
64392.0 26540.0 
64394.0 26404.0 
64404.0 26278.0 
64414.0 26044.0 
64456.0 25996.0 
64612.0 25984.0 
64730.0 25954.0 
64790.0 25940.0 
64800.0 25814.0 
64810.0 25580.0 
64852.0 25532.0 
65008.0 25520.0 
65052.0 25472.0 
65144.0 25340.0 
65162.0 25308.0 
65170.0 25124.0 
65172.0 25074.0 
65214.0 25026.0 
65330.0 24954.0 
65336.0 24684.0 
65482.0 24372.0 
65484.0 24236.0 
65494.0 24110.0 
65504.0 23876.0 
65546.0 23828.0 
65702.0 23816.0 
66100.0 23700.0 
66106.0 23612.0 
66456.0 23566.0 
66612.0 23554.0 
66718.0 23368.0 
66760.0 23320.0 
66890.0 23222.0 
66932.0 23174.0 
67088.0 23162.0 
67334.0 23000.0 
67340.0 22912.0 
67500.0 22778.0 
67506.0 22690.0 
67950.0 22572.0 
67956.0 22484.0 
68872.0 22464.0 
69134.0 22418.0 
69154.0 22200.0 
69160.0 22112.0 
70076.0 22092.0 
