26875.325000047684 
58 
11115.0 55617.0 
11133.0 50835.0 
11142.0 50214.0 
11196.0 45981.0 
11550.0 44283.0 
11640.0 43692.0 
11676.0 43059.0 
11784.0 41175.0 
11787.0 40137.0 
11928.0 39642.0 
11943.0 38622.0 
11994.0 37857.0 
12123.0 37413.0 
12135.0 34266.0 
12138.0 33348.0 
12378.0 32538.0 
13458.0 32124.0 
13851.0 29421.0 
13977.0 29391.0 
14091.0 28611.0 
15192.0 28125.0 
15603.0 26583.0 
15681.0 26169.0 
15828.0 26055.0 
16464.0 25974.0 
16680.0 25932.0 
16713.0 25836.0 
16809.0 25581.0 
16920.0 25542.0 
16992.0 25425.0 
17037.0 25158.0 
17046.0 24492.0 
17679.0 24180.0 
17859.0 23856.0 
17961.0 23538.0 
18006.0 23475.0 
18102.0 23454.0 
18201.0 23439.0 
18366.0 23430.0 
18504.0 23394.0 
18519.0 23298.0 
18537.0 22863.0 
18876.0 22326.0 
19086.0 22089.0 
19644.0 21798.0 
19965.0 21696.0 
20268.0 21309.0 
20826.0 20370.0 
20925.0 19257.0 
23685.0 18984.0 
23703.0 18600.0 
25116.0 18531.0 
25167.0 17880.0 
26097.0 17838.0 
26511.0 17517.0 
27027.0 16704.0 
27033.0 16608.0 
27870.0 15408.0 
