90
30

56 21 53 15 83 27 9 48 29 92 16 22 51 53 60 68 89 17 45 20 41 3 68 71 27 89 32 74 41 62 
21 46 46 99 77 28 92 38 31 15 46 23 75 45 64 8 97 16 50 79 96 78 78 25 56 4 73 48 57 52 
75 12 30 67 38 70 98 72 28 6 67 70 32 1 38 40 90 83 75 5 7 48 33 99 3 47 48 71 27 68 
26 95 28 86 92 70 54 29 90 50 40 2 35 13 86 57 66 66 53 7 42 59 25 30 93 38 95 86 12 63 
5 63 36 87 24 30 79 44 52 42 99 17 89 40 2 75 93 40 42 88 33 97 46 87 4 96 84 2 47 2 
64 1 11 66 8 20 52 83 65 63 25 37 46 85 46 75 83 15 24 16 74 73 75 63 34 75 81 86 89 56 
59 97 69 33 36 27 86 91 61 78 20 76 3 13 25 20 94 8 43 24 38 70 93 94 81 9 51 87 29 6 
62 17 45 17 40 39 52 14 38 98 59 39 13 14 51 36 3 41 27 77 95 21 76 0 54 30 17 28 40 70 
57 29 33 57 29 47 40 29 23 9 55 49 17 80 12 89 72 36 21 23 49 66 98 54 69 26 34 63 8 9 
44 49 7 97 5 5 45 17 77 41 95 15 52 51 67 11 83 89 1 14 93 97 75 0 63 3 32 82 35 79 
42 30 1 28 62 17 54 42 40 98 12 44 2 49 67 20 0 31 90 85 13 35 8 47 31 46 47 76 65 20 
83 72 67 63 51 94 37 64 28 5 70 2 50 37 62 48 62 75 71 33 96 26 17 34 26 12 55 13 57 11 
56 9 24 36 90 72 32 8 84 81 51 85 3 85 48 47 80 64 20 40 92 2 62 41 58 12 81 85 94 52 
47 76 77 35 30 74 82 11 77 17 92 78 19 29 17 45 9 32 47 68 52 44 40 15 49 40 17 37 82 15 
8 58 20 69 88 3 98 92 73 30 23 43 84 30 2 38 2 22 86 79 40 46 88 19 50 41 14 10 11 44 
11 6 67 67 28 16 32 34 45 99 54 68 0 90 22 82 42 66 58 97 79 6 22 4 84 3 19 40 14 19 
94 35 21 15 52 55 71 74 42 65 13 12 78 58 40 40 0 45 58 24 97 94 37 59 42 62 19 40 5 67 
4 17 53 80 42 55 55 44 97 31 34 51 67 50 59 25 72 57 50 97 37 78 42 81 58 14 34 60 94 76 
27 68 38 29 15 16 74 93 78 96 4 2 9 65 98 38 71 84 23 83 42 84 45 46 25 66 89 78 19 53 
35 63 65 79 67 64 40 47 94 50 35 16 35 33 58 96 16 5 48 45 21 40 77 18 17 3 90 98 23 86 
3 15 92 59 59 31 42 9 24 45 50 4 51 51 86 0 54 52 57 85 87 9 89 29 97 79 65 77 94 72 
5 3 78 36 36 24 11 46 12 30 1 47 64 86 61 88 99 8 57 56 81 17 46 70 50 33 76 14 72 53 
1 22 24 26 24 24 64 24 84 39 23 73 39 59 31 81 13 61 63 92 15 49 71 44 42 13 27 13 27 38 
95 69 89 26 21 78 5 3 95 31 1 16 23 65 43 55 20 31 63 41 18 17 59 90 32 15 54 15 38 9 
97 31 64 17 47 2 84 15 70 16 72 20 47 76 54 10 52 73 75 30 80 45 52 77 8 55 94 82 22 46 
3 41 69 42 85 46 72 13 51 21 57 21 60 70 66 10 59 96 45 22 9 30 44 30 0 97 65 35 10 2 
48 69 37 11 63 87 34 57 75 63 5 8 86 94 50 67 66 1 80 86 32 75 14 33 44 97 47 29 22 41 
55 39 92 37 57 98 34 50 63 9 76 98 81 22 67 30 55 0 13 24 56 25 63 74 51 1 83 87 26 58 
54 0 31 57 78 98 76 61 73 79 95 12 8 5 61 35 94 39 11 63 37 47 24 38 21 28 56 47 71 84 
17 97 23 56 60 30 89 89 6 41 8 92 29 33 12 15 74 51 45 48 77 55 25 30 21 29 27 13 40 39 
33 16 51 88 77 71 88 34 70 42 58 55 2 75 36 93 43 1 1 1 88 3 39 81 28 24 82 82 36 72 
85 1 2 51 6 3 49 23 87 48 26 79 39 3 54 78 61 68 65 78 68 48 74 67 1 47 57 74 40 60 
42 15 47 12 24 99 7 46 61 8 49 60 25 16 59 63 99 21 22 89 54 2 51 85 40 18 95 66 85 15 
27 6 72 19 57 5 54 15 31 48 17 39 91 58 92 60 23 92 8 89 10 40 95 73 75 33 11 53 74 58 
43 77 72 44 90 30 17 66 60 92 1 70 8 47 55 39 18 10 35 30 87 36 90 62 87 32 11 43 97 86 
16 43 26 80 4 76 96 59 5 38 18 69 88 4 14 78 3 1 50 59 97 92 81 82 1 49 38 63 82 97 
92 48 20 49 89 36 50 85 25 85 71 18 18 25 12 71 97 98 23 49 0 90 12 77 67 15 56 51 66 91 
56 5 78 87 11 7 47 51 36 31 50 55 38 57 60 83 43 21 7 88 26 92 38 79 78 61 61 90 38 71 
2 84 52 8 24 68 37 54 76 23 85 57 78 81 3 63 54 5 98 35 79 48 45 44 97 95 93 1 12 29 
7 67 87 52 35 75 81 75 68 31 16 39 20 85 52 45 38 95 22 98 42 22 35 92 39 23 70 98 55 32 
8 20 95 54 73 48 21 8 90 6 99 84 63 82 60 14 53 94 85 70 95 11 89 23 82 55 89 53 10 41 
58 70 71 21 8 0 24 66 73 34 76 79 47 63 78 26 26 26 96 43 62 57 19 34 3 6 12 87 99 60 
32 68 95 12 60 54 25 26 12 43 3 15 50 28 54 22 80 37 35 82 32 74 60 82 47 99 92 71 7 56 
96 78 13 17 58 32 69 12 99 11 23 57 71 37 9 4 83 23 52 73 3 21 49 37 43 25 43 83 18 46 
29 47 33 43 89 17 37 86 28 51 54 86 53 30 85 21 36 75 24 29 35 83 44 63 70 49 49 20 86 2 
88 91 32 61 85 98 59 90 21 7 4 96 92 38 8 24 3 13 0 28 88 10 33 12 71 7 55 92 89 56 
61 14 58 92 50 19 48 89 79 48 98 10 98 41 84 9 6 46 30 93 57 65 10 39 10 92 96 33 98 18 
48 77 68 23 33 68 9 56 45 67 72 98 52 89 50 44 77 95 76 43 19 68 47 6 47 96 91 52 28 0 
30 46 83 81 14 71 66 67 15 26 22 88 15 38 67 19 33 32 91 46 57 4 73 75 98 89 83 62 61 10 
76 46 19 59 27 21 20 44 58 65 65 1 46 12 53 58 27 51 58 0 18 69 0 62 44 82 20 68 22 27 
69 78 46 89 68 12 83 6 18 70 60 69 39 67 10 6 86 40 11 19 69 7 26 22 65 90 29 84 15 14 
92 82 21 59 43 27 16 22 30 98 48 21 69 17 3 31 29 38 78 59 0 37 50 83 54 22 26 6 78 9 
66 17 47 26 87 48 70 37 37 78 20 14 64 7 33 73 11 14 41 84 53 82 70 96 18 23 15 38 66 67 
85 12 43 81 61 60 96 34 31 78 43 34 79 26 29 84 48 35 1 57 10 23 97 67 98 68 26 90 98 93 
79 75 95 79 4 32 34 90 40 97 24 85 80 9 4 60 18 48 56 28 96 16 21 39 56 65 59 5 65 13 
62 68 70 71 2 27 90 8 88 29 69 8 49 76 31 94 68 99 17 39 50 6 9 64 83 20 37 21 26 40 
60 89 40 95 54 42 47 99 31 68 69 92 96 32 3 47 14 44 16 77 23 38 70 56 35 94 28 60 8 69 
69 82 74 83 41 63 61 15 19 70 40 85 47 0 96 26 82 74 85 81 67 86 42 67 7 91 56 14 14 58 
97 37 60 23 2 26 44 14 26 59 57 46 18 53 13 78 2 39 80 12 33 95 14 70 94 93 96 57 40 48 
18 15 96 45 66 33 79 16 4 48 99 85 47 61 51 80 85 56 9 11 89 98 85 43 22 31 7 24 24 27 
43 40 45 39 55 5 54 63 75 20 49 15 41 48 25 77 12 93 1 70 75 75 1 45 3 51 31 22 23 9 
26 4 3 50 20 43 85 21 90 42 94 70 78 23 21 44 75 90 57 35 25 59 16 58 4 49 87 9 53 54 
91 41 84 23 48 54 93 43 59 89 37 80 78 66 68 34 21 10 27 22 32 66 44 66 10 75 87 84 69 76 
75 89 75 53 30 47 89 48 38 61 12 99 56 66 5 76 65 65 35 28 63 26 66 65 67 42 97 38 37 5 
21 78 56 48 48 22 42 68 23 42 51 23 37 31 10 70 86 34 91 85 66 19 12 85 75 27 28 39 77 48 
37 45 48 8 28 3 93 68 50 9 36 65 52 60 90 58 56 40 73 42 40 22 27 49 51 11 62 63 84 15 
11 99 71 17 93 26 0 82 5 50 29 21 96 63 86 7 88 46 52 5 48 69 81 56 46 25 6 46 13 4 
14 34 21 78 21 16 33 61 49 69 92 72 6 88 60 99 17 5 8 50 54 71 34 50 55 21 57 96 50 62 
3 96 24 63 89 62 67 13 82 6 30 1 69 79 52 20 69 53 39 99 88 22 16 28 88 90 78 8 10 52 
7 61 90 2 38 75 59 23 87 62 91 23 69 70 64 59 91 58 50 22 63 38 28 3 91 42 2 58 37 62 
61 28 48 73 22 4 9 46 37 22 58 94 45 42 67 23 16 41 92 74 18 22 27 77 89 27 30 61 4 92 
95 81 80 0 92 59 29 0 11 58 88 17 55 22 66 59 97 62 75 97 73 69 71 84 93 75 90 19 83 12 
61 98 87 19 47 84 7 10 29 6 40 97 39 52 53 38 11 37 6 43 1 41 4 72 96 57 44 95 15 99 
97 0 72 46 22 86 53 43 9 46 25 53 18 55 77 69 24 11 75 6 15 77 67 29 98 43 64 6 88 5 
6 76 20 13 74 77 81 44 1 76 64 16 6 92 89 28 50 98 38 95 87 65 18 29 53 60 20 73 31 16 
56 80 67 53 95 15 40 96 22 11 3 30 85 1 48 89 20 15 69 64 64 18 12 79 81 21 55 74 82 80 
41 87 2 96 64 26 67 53 78 78 72 61 84 91 33 9 12 29 3 21 3 81 71 93 52 79 47 26 76 54 
46 14 24 37 4 37 22 81 78 52 32 62 34 20 77 87 18 79 46 13 53 58 85 59 23 8 44 65 28 75 
32 25 21 54 95 0 64 89 28 97 66 16 83 57 85 71 29 90 99 80 81 59 8 39 5 97 86 33 61 4 
14 53 48 54 64 7 53 29 7 43 29 47 72 31 48 38 73 50 97 12 83 10 38 3 29 82 18 89 22 19 
14 29 64 97 62 50 81 12 88 93 80 98 35 93 32 60 77 48 22 49 48 10 26 98 22 98 0 13 37 19 
93 93 46 41 13 3 23 64 28 37 71 78 56 53 15 91 82 48 61 95 27 14 61 81 32 0 22 15 32 60 
38 63 58 66 40 8 70 18 89 92 8 79 61 88 29 15 0 89 55 18 22 57 59 46 26 64 52 5 16 39 
54 56 57 92 76 25 11 67 16 46 30 67 72 66 3 44 18 95 80 28 85 73 21 78 61 0 42 42 87 28 
68 77 23 38 91 65 3 38 14 18 5 44 27 69 20 54 29 83 65 6 9 40 1 98 53 67 48 86 21 39 
88 18 24 48 18 50 97 37 94 54 38 31 67 25 73 18 0 29 54 62 35 71 0 49 34 53 51 5 12 70 
87 21 50 49 21 93 39 39 94 53 3 0 6 45 2 57 69 76 10 9 81 52 18 13 27 73 10 82 83 36 
16 71 71 96 21 30 79 67 14 57 62 51 82 84 80 62 86 61 30 47 94 39 99 44 25 61 25 19 57 8 
52 73 96 62 18 16 95 94 4 43 91 60 43 62 81 92 57 54 68 13 80 79 47 95 82 43 92 50 91 90 
98 30 98 95 63 74 83 73 15 8 89 12 42 9 36 6 49 91 69 59 70 46 56 61 10 82 91 74 79 18 

79 59 4 77 91 24 90 61 0 31 25 24 64 67 80 1 87 67 9 59 80 16 28 57 56 21 65 5 72 50 
9 4 55 60 30 72 61 60 84 87 76 54 14 95 38 85 92 73 52 81 96 43 29 45 88 69 52 62 56 97 
68 12 26 8 64 5 58 97 52 88 88 4 84 74 71 51 92 8 49 74 83 68 35 27 65 57 96 36 80 34 
76 98 51 9 84 66 2 80 55 66 69 85 36 30 42 22 71 51 0 28 88 82 9 43 99 49 18 95 80 34 
69 70 80 62 95 73 88 90 83 74 47 88 19 11 99 52 42 84 0 93 89 67 33 95 84 22 20 37 19 82 
3 9 23 58 37 83 24 65 30 11 50 83 24 62 6 1 85 23 47 99 56 18 29 76 93 26 86 27 93 11 
96 21 66 73 18 40 23 98 9 77 87 76 65 7 35 79 32 75 37 64 98 62 47 9 42 36 66 7 15 86 
72 83 76 94 4 4 6 12 27 88 71 30 22 49 16 50 89 24 0 29 32 63 6 22 93 94 98 59 30 85 
95 30 73 60 85 63 89 48 8 27 49 75 79 73 87 13 15 20 58 73 9 39 87 73 56 84 23 39 15 84 
56 25 73 96 72 38 46 70 29 20 23 90 1 21 49 88 15 67 94 32 75 93 56 63 51 17 7 5 78 54 
58 82 95 11 21 24 7 7 81 36 66 0 21 64 2 35 48 84 28 26 11 4 31 46 38 36 11 84 91 99 
12 93 44 52 87 42 32 61 77 48 12 61 82 35 46 62 86 63 89 2 33 24 49 59 82 85 51 75 89 31 
14 35 86 49 34 25 58 35 24 57 40 35 57 28 92 40 15 56 97 96 35 9 25 11 10 25 42 53 86 75 
45 81 55 34 74 59 41 58 18 25 40 66 19 34 35 95 46 98 19 70 88 68 96 7 81 56 24 34 87 88 
37 10 73 26 66 75 62 1 25 42 65 61 42 50 92 3 60 4 33 58 22 85 25 52 33 23 68 42 40 23 
53 19 93 37 2 22 74 88 45 98 95 95 81 14 20 71 4 93 47 73 75 37 63 35 84 67 53 15 35 73 
35 35 40 68 44 90 0 95 78 62 30 12 7 65 37 68 85 0 58 45 10 3 32 18 51 9 52 72 12 72 
21 67 7 16 4 48 75 82 68 37 50 37 35 48 67 30 87 27 71 11 16 95 59 72 99 53 72 50 28 67 
15 12 47 61 76 16 66 65 73 8 45 8 37 10 88 54 29 97 71 10 38 81 5 70 5 39 7 58 83 57 
21 98 14 82 24 8 89 92 7 18 22 42 5 35 59 31 28 20 95 5 17 55 67 94 11 88 56 44 24 20 
17 84 50 48 13 60 45 80 13 5 67 95 3 37 57 11 9 6 7 79 17 19 37 16 63 38 80 61 17 3 
52 91 78 38 47 48 60 51 92 64 41 20 50 81 99 26 49 98 53 95 86 3 92 38 30 65 55 6 20 93 
95 15 30 91 43 82 53 67 53 94 31 66 88 6 18 48 88 22 61 24 31 13 36 9 69 86 81 91 95 95 
1 78 92 58 33 7 66 32 21 16 41 53 15 8 93 38 97 64 47 17 11 83 58 30 41 57 44 21 61 99 
58 7 51 6 11 89 72 92 71 62 16 52 18 26 82 29 18 97 70 88 54 83 54 40 19 69 96 46 62 28 
25 13 45 48 63 55 53 44 95 68 57 96 11 71 27 37 57 87 49 65 85 71 83 72 79 23 75 10 6 19 
14 23 17 74 76 31 86 98 15 40 82 24 95 18 92 11 62 41 51 55 96 31 49 57 6 15 12 30 61 87 
87 63 44 50 64 38 99 70 35 0 95 75 54 14 32 62 57 55 62 25 59 25 90 89 29 79 95 25 14 25 
82 87 65 3 40 84 81 81 81 87 82 16 89 22 64 62 87 20 11 25 17 3 64 4 88 37 54 68 20 91 
83 39 20 54 79 9 41 31 69 94 17 7 62 97 91 40 3 57 50 36 75 86 64 18 34 18 69 78 15 41 
50 84 53 71 29 85 77 94 34 24 14 86 23 61 70 82 93 62 99 57 90 11 77 48 89 45 24 11 36 18 
63 12 51 54 92 86 37 33 20 11 53 27 87 84 37 82 62 5 87 4 12 87 44 99 57 59 27 88 73 42 
16 71 8 84 89 32 7 18 44 5 79 55 83 34 47 32 23 11 57 91 62 60 41 37 25 11 67 12 60 80 
8 87 58 53 25 55 26 26 38 67 24 62 34 65 55 68 38 90 68 92 32 58 6 6 21 67 20 9 69 41 
19 85 40 42 36 86 46 11 26 27 62 0 26 22 80 23 50 82 89 36 81 74 26 16 5 94 22 2 88 13 
37 22 85 94 69 18 46 95 66 35 48 3 94 51 71 54 18 49 96 58 18 64 96 9 39 65 44 60 50 35 
62 96 53 75 85 31 76 43 8 13 41 0 53 3 82 22 54 86 64 9 72 10 25 88 70 58 33 2 6 16 
47 27 48 87 14 60 95 48 33 63 67 73 87 70 96 54 11 83 42 97 44 10 2 79 98 36 82 81 29 10 
72 56 91 6 27 68 24 80 42 27 94 42 88 17 82 3 34 66 1 68 78 23 93 1 61 36 12 56 37 48 
10 70 24 53 96 65 51 76 2 81 98 79 3 59 62 90 64 48 21 26 11 82 76 53 60 74 72 83 25 10 
63 29 21 52 38 59 12 67 48 5 75 49 85 45 85 12 4 40 32 48 11 2 33 95 25 32 2 61 6 52 
84 81 8 3 65 18 93 6 24 41 18 1 81 15 73 97 56 16 50 23 47 35 53 40 95 45 86 60 88 39 
82 3 19 66 48 51 8 24 64 7 55 83 33 65 71 51 81 35 14 2 61 98 29 37 99 67 63 36 96 90 
99 26 68 26 49 80 79 59 78 17 24 52 63 56 42 54 5 69 77 89 44 18 21 28 61 71 95 90 36 40 
63 32 26 81 80 42 76 57 24 19 62 36 46 15 40 91 65 79 54 27 76 20 19 33 38 82 87 48 88 94 
52 96 68 47 71 7 84 0 91 46 25 25 8 13 0 44 16 87 95 5 1 23 41 16 96 28 44 32 9 71 
23 47 84 12 68 55 47 49 93 80 68 13 51 79 26 71 55 72 58 6 1 53 39 98 87 98 17 4 92 57 
93 34 44 93 39 60 92 27 77 93 68 92 69 43 93 86 86 27 80 8 66 83 22 97 74 34 72 15 12 79 
60 39 65 25 92 57 62 81 43 92 98 67 19 73 40 38 66 55 19 88 40 42 77 17 74 69 19 56 8 44 
96 88 50 64 11 23 8 45 33 83 95 32 53 44 6 94 15 15 7 1 18 56 99 45 66 73 43 51 2 31 
50 96 70 83 86 26 80 99 29 41 70 42 0 82 1 36 35 51 13 11 79 43 37 22 20 66 41 85 91 83 
60 69 7 7 21 33 17 20 79 17 94 9 23 99 79 35 9 98 61 74 39 77 66 6 88 71 66 34 48 55 
53 59 40 20 32 45 22 25 15 48 79 32 38 94 81 65 28 37 55 28 89 18 83 86 76 16 47 80 95 57 
67 51 36 28 2 80 29 9 33 62 74 16 10 93 94 19 69 15 19 89 29 67 71 73 23 23 41 9 51 18 
65 24 16 8 22 92 16 83 49 25 96 66 13 33 64 40 96 87 46 94 92 45 31 95 7 55 22 92 18 21 
96 47 34 4 48 28 66 9 63 8 92 50 45 73 74 16 93 5 74 81 8 13 67 17 73 38 47 11 28 17 
83 95 40 20 56 45 52 81 96 92 35 75 7 71 94 40 23 84 10 12 57 65 87 50 31 69 78 60 89 16 
75 35 40 79 2 82 85 73 52 4 14 9 34 47 90 4 48 39 48 62 90 79 73 80 52 51 49 21 78 72 
78 78 85 2 14 24 62 72 72 97 10 0 95 80 74 27 86 94 93 59 61 80 67 15 48 49 5 27 58 46 
17 24 9 32 63 92 54 88 60 19 69 2 22 42 87 83 80 64 91 18 6 7 99 71 39 19 7 74 87 60 
68 75 52 8 25 44 3 95 33 32 98 45 24 56 21 68 14 48 87 45 44 81 46 7 21 74 62 87 72 35 
73 96 62 90 47 60 17 7 82 19 46 21 39 66 84 6 75 83 69 63 43 2 39 18 59 1 8 32 55 3 
66 95 75 48 99 30 81 56 26 49 66 88 13 26 6 87 95 76 90 59 23 67 4 9 12 93 79 46 68 95 
96 45 8 93 41 0 8 88 40 17 39 22 4 44 76 24 83 7 1 74 5 38 17 56 40 80 52 1 22 18 
29 13 25 82 17 51 53 98 94 11 25 5 93 12 33 46 2 93 17 18 45 83 97 26 67 80 29 75 95 66 
95 10 45 45 43 78 9 69 32 59 34 2 44 22 74 31 74 71 80 19 13 2 67 70 79 97 63 44 61 92 
25 42 85 32 92 53 11 85 0 26 32 67 80 18 18 15 14 24 36 12 23 91 38 35 7 79 99 93 67 6 
39 74 75 12 70 11 69 4 54 51 3 83 46 70 55 72 80 72 97 65 13 80 68 4 22 85 4 34 41 23 
16 82 74 5 26 89 12 91 0 69 54 14 30 79 99 86 57 28 72 24 52 55 85 2 76 56 52 10 92 40 
25 63 18 40 89 11 7 16 59 33 32 24 56 5 92 32 56 0 59 8 48 43 58 27 17 25 28 51 80 63 
8 80 8 55 57 3 19 62 98 65 43 16 35 51 65 47 97 41 16 64 3 89 71 44 43 45 62 9 32 97 
16 88 84 18 81 11 90 49 8 68 24 40 86 37 2 35 48 55 54 85 13 96 9 0 18 84 82 0 58 35 
19 7 31 21 51 98 73 7 46 12 13 83 60 71 93 8 50 66 33 36 68 21 18 83 69 28 75 62 0 13 
27 99 42 99 60 91 41 41 47 88 28 79 0 0 31 20 56 59 20 40 7 90 43 88 39 77 47 11 39 20 
68 36 81 14 78 94 95 18 81 51 3 66 14 93 47 59 7 78 52 37 75 55 20 9 83 2 19 99 81 44 
19 40 10 51 13 13 27 21 92 15 98 10 78 20 53 49 43 38 9 67 45 8 3 16 83 77 87 62 35 38 
84 77 34 50 93 67 7 42 15 10 67 88 18 80 43 97 69 0 87 60 5 37 84 53 14 33 66 69 57 43 
3 46 41 13 14 15 36 26 29 68 87 98 95 33 65 2 5 9 60 52 91 88 14 68 5 71 44 18 2 54 
89 2 74 48 10 11 0 48 5 97 32 73 16 26 15 39 60 98 9 38 95 66 75 29 1 70 29 78 48 91 
83 93 81 76 34 31 25 85 44 0 15 81 57 56 95 40 25 89 25 69 34 30 18 57 72 31 78 83 63 8 
9 74 65 38 27 80 5 53 90 3 9 65 30 7 27 35 42 90 84 56 78 96 95 2 48 97 27 84 10 77 
2 11 31 95 60 34 20 9 47 36 85 86 69 80 60 33 56 44 98 31 13 7 38 38 44 35 74 9 92 21 
7 50 23 54 41 87 46 19 53 40 53 72 61 13 9 24 66 50 39 34 28 24 93 98 19 36 68 79 61 74 
33 18 29 31 92 23 92 87 60 20 15 26 54 18 46 16 24 18 58 76 60 73 21 32 67 81 38 10 91 50 
47 27 28 91 82 78 60 20 57 36 98 61 96 3 16 0 39 81 22 25 91 58 88 48 87 24 38 98 6 59 
71 31 42 55 62 99 24 81 64 64 35 82 20 53 82 85 42 10 12 49 20 51 71 75 78 61 61 76 69 83 
34 63 5 75 32 4 34 45 59 55 28 91 49 74 46 4 59 66 70 7 12 18 47 43 52 35 70 31 3 64 
87 64 34 79 23 98 75 71 53 71 41 50 59 55 42 70 55 11 11 19 73 19 58 37 42 91 37 75 92 98 
93 73 76 60 12 48 92 87 1 9 40 65 70 42 53 27 83 30 89 65 20 98 62 38 43 13 56 27 76 62 
56 14 37 91 85 82 75 86 15 93 16 28 24 53 96 38 90 96 65 19 52 47 67 35 82 27 35 5 49 25 

1028 3001 2166 1537 1133 3328 2317 3184 954 773 3189 2979 565 605 3256 1031 818 1017 903 333 2288 585 2023 3147 2636 2693 2050 2746 3057 3180 

9442 11053 4677 10153 2005 9494 2416 4698 5566 3889 5807 11381 8010 11689 10136 3240 8318 4728 10393 2056 3719 11116 5096 4863 7731 2474 5090 3444 2524 7599 