90
30

56 21 53 15 83 27 9 48 29 92 16 22 51 53 60 68 89 17 45 20 41 3 68 71 27 89 32 74 41 62 
21 46 46 99 77 28 92 38 31 15 46 23 75 45 64 8 97 16 50 79 96 78 78 25 56 4 73 48 57 52 
75 12 30 67 38 70 98 72 28 6 67 70 32 1 38 40 90 83 75 5 7 48 33 99 3 47 48 71 27 68 
26 95 28 86 92 70 54 29 90 50 40 2 35 13 86 57 66 66 53 7 42 59 25 30 93 38 95 86 12 63 
5 63 36 87 24 30 79 44 52 42 99 17 89 40 2 75 93 40 42 88 33 97 46 87 4 96 84 2 47 2 
64 1 11 66 8 20 52 83 65 63 25 37 46 85 46 75 83 15 24 16 74 73 75 63 34 75 81 86 89 56 
59 97 69 33 36 27 86 91 61 78 20 76 3 13 25 20 94 8 43 24 38 70 93 94 81 9 51 87 29 6 
62 17 45 17 40 39 52 14 38 98 59 39 13 14 51 36 3 41 27 77 95 21 76 0 54 30 17 28 40 70 
57 29 33 57 29 47 40 29 23 9 55 49 17 80 12 89 72 36 21 23 49 66 98 54 69 26 34 63 8 9 
44 49 7 97 5 5 45 17 77 41 95 15 52 51 67 11 83 89 1 14 93 97 75 0 63 3 32 82 35 79 
42 30 1 28 62 17 54 42 40 98 12 44 2 49 67 20 0 31 90 85 13 35 8 47 31 46 47 76 65 20 
83 72 67 63 51 94 37 64 28 5 70 2 50 37 62 48 62 75 71 33 96 26 17 34 26 12 55 13 57 11 
56 9 24 36 90 72 32 8 84 81 51 85 3 85 48 47 80 64 20 40 92 2 62 41 58 12 81 85 94 52 
47 76 77 35 30 74 82 11 77 17 92 78 19 29 17 45 9 32 47 68 52 44 40 15 49 40 17 37 82 15 
8 58 20 69 88 3 98 92 73 30 23 43 84 30 2 38 2 22 86 79 40 46 88 19 50 41 14 10 11 44 
11 6 67 67 28 16 32 34 45 99 54 68 0 90 22 82 42 66 58 97 79 6 22 4 84 3 19 40 14 19 
94 35 21 15 52 55 71 74 42 65 13 12 78 58 40 40 0 45 58 24 97 94 37 59 42 62 19 40 5 67 
4 17 53 80 42 55 55 44 97 31 34 51 67 50 59 25 72 57 50 97 37 78 42 81 58 14 34 60 94 76 
27 68 38 29 15 16 74 93 78 96 4 2 9 65 98 38 71 84 23 83 42 84 45 46 25 66 89 78 19 53 
35 63 65 79 67 64 40 47 94 50 35 16 35 33 58 96 16 5 48 45 21 40 77 18 17 3 90 98 23 86 
3 15 92 59 59 31 42 9 24 45 50 4 51 51 86 0 54 52 57 85 87 9 89 29 97 79 65 77 94 72 
5 3 78 36 36 24 11 46 12 30 1 47 64 86 61 88 99 8 57 56 81 17 46 70 50 33 76 14 72 53 
1 22 24 26 24 24 64 24 84 39 23 73 39 59 31 81 13 61 63 92 15 49 71 44 42 13 27 13 27 38 
95 69 89 26 21 78 5 3 95 31 1 16 23 65 43 55 20 31 63 41 18 17 59 90 32 15 54 15 38 9 
97 31 64 17 47 2 84 15 70 16 72 20 47 76 54 10 52 73 75 30 80 45 52 77 8 55 94 82 22 46 
3 41 69 42 85 46 72 13 51 21 57 21 60 70 66 10 59 96 45 22 9 30 44 30 0 97 65 35 10 2 
48 69 37 11 63 87 34 57 75 63 5 8 86 94 50 67 66 1 80 86 32 75 14 33 44 97 47 29 22 41 
55 39 92 37 57 98 34 50 63 9 76 98 81 22 67 30 55 0 13 24 56 25 63 74 51 1 83 87 26 58 
54 0 31 57 78 98 76 61 73 79 95 12 8 5 61 35 94 39 11 63 37 47 24 38 21 28 56 47 71 84 
17 97 23 56 60 30 89 89 6 41 8 92 29 33 12 15 74 51 45 48 77 55 25 30 21 29 27 13 40 39 
33 16 51 88 77 71 88 34 70 42 58 55 2 75 36 93 43 1 1 1 88 3 39 81 28 24 82 82 36 72 
85 1 2 51 6 3 49 23 87 48 26 79 39 3 54 78 61 68 65 78 68 48 74 67 1 47 57 74 40 60 
42 15 47 12 24 99 7 46 61 8 49 60 25 16 59 63 99 21 22 89 54 2 51 85 40 18 95 66 85 15 
27 6 72 19 57 5 54 15 31 48 17 39 91 58 92 60 23 92 8 89 10 40 95 73 75 33 11 53 74 58 
43 77 72 44 90 30 17 66 60 92 1 70 8 47 55 39 18 10 35 30 87 36 90 62 87 32 11 43 97 86 
16 43 26 80 4 76 96 59 5 38 18 69 88 4 14 78 3 1 50 59 97 92 81 82 1 49 38 63 82 97 
92 48 20 49 89 36 50 85 25 85 71 18 18 25 12 71 97 98 23 49 0 90 12 77 67 15 56 51 66 91 
56 5 78 87 11 7 47 51 36 31 50 55 38 57 60 83 43 21 7 88 26 92 38 79 78 61 61 90 38 71 
2 84 52 8 24 68 37 54 76 23 85 57 78 81 3 63 54 5 98 35 79 48 45 44 97 95 93 1 12 29 
7 67 87 52 35 75 81 75 68 31 16 39 20 85 52 45 38 95 22 98 42 22 35 92 39 23 70 98 55 32 
8 20 95 54 73 48 21 8 90 6 99 84 63 82 60 14 53 94 85 70 95 11 89 23 82 55 89 53 10 41 
58 70 71 21 8 0 24 66 73 34 76 79 47 63 78 26 26 26 96 43 62 57 19 34 3 6 12 87 99 60 
32 68 95 12 60 54 25 26 12 43 3 15 50 28 54 22 80 37 35 82 32 74 60 82 47 99 92 71 7 56 
96 78 13 17 58 32 69 12 99 11 23 57 71 37 9 4 83 23 52 73 3 21 49 37 43 25 43 83 18 46 
29 47 33 43 89 17 37 86 28 51 54 86 53 30 85 21 36 75 24 29 35 83 44 63 70 49 49 20 86 2 
88 91 32 61 85 98 59 90 21 7 4 96 92 38 8 24 3 13 0 28 88 10 33 12 71 7 55 92 89 56 
61 14 58 92 50 19 48 89 79 48 98 10 98 41 84 9 6 46 30 93 57 65 10 39 10 92 96 33 98 18 
48 77 68 23 33 68 9 56 45 67 72 98 52 89 50 44 77 95 76 43 19 68 47 6 47 96 91 52 28 0 
30 46 83 81 14 71 66 67 15 26 22 88 15 38 67 19 33 32 91 46 57 4 73 75 98 89 83 62 61 10 
76 46 19 59 27 21 20 44 58 65 65 1 46 12 53 58 27 51 58 0 18 69 0 62 44 82 20 68 22 27 
69 78 46 89 68 12 83 6 18 70 60 69 39 67 10 6 86 40 11 19 69 7 26 22 65 90 29 84 15 14 
92 82 21 59 43 27 16 22 30 98 48 21 69 17 3 31 29 38 78 59 0 37 50 83 54 22 26 6 78 9 
66 17 47 26 87 48 70 37 37 78 20 14 64 7 33 73 11 14 41 84 53 82 70 96 18 23 15 38 66 67 
85 12 43 81 61 60 96 34 31 78 43 34 79 26 29 84 48 35 1 57 10 23 97 67 98 68 26 90 98 93 
79 75 95 79 4 32 34 90 40 97 24 85 80 9 4 60 18 48 56 28 96 16 21 39 56 65 59 5 65 13 
62 68 70 71 2 27 90 8 88 29 69 8 49 76 31 94 68 99 17 39 50 6 9 64 83 20 37 21 26 40 
60 89 40 95 54 42 47 99 31 68 69 92 96 32 3 47 14 44 16 77 23 38 70 56 35 94 28 60 8 69 
69 82 74 83 41 63 61 15 19 70 40 85 47 0 96 26 82 74 85 81 67 86 42 67 7 91 56 14 14 58 
97 37 60 23 2 26 44 14 26 59 57 46 18 53 13 78 2 39 80 12 33 95 14 70 94 93 96 57 40 48 
18 15 96 45 66 33 79 16 4 48 99 85 47 61 51 80 85 56 9 11 89 98 85 43 22 31 7 24 24 27 
43 40 45 39 55 5 54 63 75 20 49 15 41 48 25 77 12 93 1 70 75 75 1 45 3 51 31 22 23 9 
26 4 3 50 20 43 85 21 90 42 94 70 78 23 21 44 75 90 57 35 25 59 16 58 4 49 87 9 53 54 
91 41 84 23 48 54 93 43 59 89 37 80 78 66 68 34 21 10 27 22 32 66 44 66 10 75 87 84 69 76 
75 89 75 53 30 47 89 48 38 61 12 99 56 66 5 76 65 65 35 28 63 26 66 65 67 42 97 38 37 5 
21 78 56 48 48 22 42 68 23 42 51 23 37 31 10 70 86 34 91 85 66 19 12 85 75 27 28 39 77 48 
37 45 48 8 28 3 93 68 50 9 36 65 52 60 90 58 56 40 73 42 40 22 27 49 51 11 62 63 84 15 
11 99 71 17 93 26 0 82 5 50 29 21 96 63 86 7 88 46 52 5 48 69 81 56 46 25 6 46 13 4 
14 34 21 78 21 16 33 61 49 69 92 72 6 88 60 99 17 5 8 50 54 71 34 50 55 21 57 96 50 62 
3 96 24 63 89 62 67 13 82 6 30 1 69 79 52 20 69 53 39 99 88 22 16 28 88 90 78 8 10 52 
7 61 90 2 38 75 59 23 87 62 91 23 69 70 64 59 91 58 50 22 63 38 28 3 91 42 2 58 37 62 
61 28 48 73 22 4 9 46 37 22 58 94 45 42 67 23 16 41 92 74 18 22 27 77 89 27 30 61 4 92 
95 81 80 0 92 59 29 0 11 58 88 17 55 22 66 59 97 62 75 97 73 69 71 84 93 75 90 19 83 12 
61 98 87 19 47 84 7 10 29 6 40 97 39 52 53 38 11 37 6 43 1 41 4 72 96 57 44 95 15 99 
97 0 72 46 22 86 53 43 9 46 25 53 18 55 77 69 24 11 75 6 15 77 67 29 98 43 64 6 88 5 
6 76 20 13 74 77 81 44 1 76 64 16 6 92 89 28 50 98 38 95 87 65 18 29 53 60 20 73 31 16 
56 80 67 53 95 15 40 96 22 11 3 30 85 1 48 89 20 15 69 64 64 18 12 79 81 21 55 74 82 80 
41 87 2 96 64 26 67 53 78 78 72 61 84 91 33 9 12 29 3 21 3 81 71 93 52 79 47 26 76 54 
46 14 24 37 4 37 22 81 78 52 32 62 34 20 77 87 18 79 46 13 53 58 85 59 23 8 44 65 28 75 
32 25 21 54 95 0 64 89 28 97 66 16 83 57 85 71 29 90 99 80 81 59 8 39 5 97 86 33 61 4 
14 53 48 54 64 7 53 29 7 43 29 47 72 31 48 38 73 50 97 12 83 10 38 3 29 82 18 89 22 19 
14 29 64 97 62 50 81 12 88 93 80 98 35 93 32 60 77 48 22 49 48 10 26 98 22 98 0 13 37 19 
93 93 46 41 13 3 23 64 28 37 71 78 56 53 15 91 82 48 61 95 27 14 61 81 32 0 22 15 32 60 
38 63 58 66 40 8 70 18 89 92 8 79 61 88 29 15 0 89 55 18 22 57 59 46 26 64 52 5 16 39 
54 56 57 92 76 25 11 67 16 46 30 67 72 66 3 44 18 95 80 28 85 73 21 78 61 0 42 42 87 28 
68 77 23 38 91 65 3 38 14 18 5 44 27 69 20 54 29 83 65 6 9 40 1 98 53 67 48 86 21 39 
88 18 24 48 18 50 97 37 94 54 38 31 67 25 73 18 0 29 54 62 35 71 0 49 34 53 51 5 12 70 
87 21 50 49 21 93 39 39 94 53 3 0 6 45 2 57 69 76 10 9 81 52 18 13 27 73 10 82 83 36 
16 71 71 96 21 30 79 67 14 57 62 51 82 84 80 62 86 61 30 47 94 39 99 44 25 61 25 19 57 8 
52 73 96 62 18 16 95 94 4 43 91 60 43 62 81 92 57 54 68 13 80 79 47 95 82 43 92 50 91 90 
98 30 98 95 63 74 83 73 15 8 89 12 42 9 36 6 49 91 69 59 70 46 56 61 10 82 91 74 79 18 

44 82 90 32 9 57 20 83 35 25 88 96 24 15 2 86 90 10 8 6 54 53 98 72 48 33 92 61 45 48 
52 66 20 29 60 91 8 84 77 0 13 80 65 65 91 79 31 95 99 2 37 4 94 78 81 73 22 0 28 21 
23 12 72 71 54 81 42 80 95 31 79 86 95 52 64 68 80 1 57 35 14 71 84 91 94 74 86 33 32 82 
8 88 27 21 5 91 56 3 72 63 23 42 48 33 49 97 42 31 97 35 67 27 48 0 10 95 0 42 47 45 
27 30 88 29 31 62 22 29 95 49 87 82 81 25 82 87 52 12 2 13 31 49 68 2 78 67 75 27 94 51 
72 58 65 38 69 40 93 38 18 90 2 69 20 63 92 59 48 50 96 38 95 2 60 32 93 92 38 40 37 74 
91 36 44 75 17 42 4 50 58 70 13 84 68 2 4 9 16 86 91 76 79 56 24 13 46 88 96 35 27 81 
53 4 45 99 16 54 63 21 92 15 57 96 48 28 46 80 69 2 50 18 28 77 15 90 37 94 39 39 56 75 
1 43 78 66 45 10 17 7 95 94 82 22 6 71 87 40 49 28 44 5 26 32 47 16 24 7 33 22 73 22 
76 57 80 72 65 87 16 5 49 2 17 23 72 87 8 68 22 46 52 63 59 61 11 75 14 13 40 16 56 1 
68 95 81 35 43 6 66 74 19 89 87 61 42 14 5 56 51 76 63 75 89 94 37 91 8 59 64 43 7 66 
1 69 32 31 20 64 31 75 32 14 50 34 80 59 95 13 77 4 11 2 46 61 57 21 6 99 59 64 8 34 
82 52 12 90 56 19 65 7 47 0 11 74 42 76 49 30 10 9 28 38 47 70 30 43 13 39 86 64 38 37 
29 70 29 7 80 60 19 68 13 29 51 97 51 1 64 23 90 57 36 34 50 91 6 21 99 63 76 32 0 48 
58 91 86 90 25 10 44 3 85 1 82 1 69 72 97 19 21 46 73 83 29 60 82 29 20 13 58 71 23 79 
68 93 64 9 8 86 60 80 94 75 5 62 16 98 83 23 94 36 52 87 39 3 57 4 12 46 8 23 36 19 
95 48 8 18 42 39 0 7 31 78 65 59 15 9 81 1 41 42 84 35 35 51 4 66 1 23 74 65 73 42 
87 64 92 3 36 24 11 97 39 54 48 8 43 69 36 19 65 95 48 12 8 83 81 14 58 77 51 17 54 42 
6 81 87 69 78 97 69 91 25 66 77 85 33 16 61 48 78 84 83 68 71 8 6 24 39 16 63 95 7 28 
84 59 83 66 36 0 74 77 19 78 77 95 36 11 17 91 2 71 33 16 71 15 38 97 15 83 94 67 56 36 
82 40 46 29 65 43 56 28 63 82 99 25 93 2 17 98 42 64 96 40 83 43 89 35 39 40 72 64 66 42 
45 67 99 80 69 95 2 71 95 31 92 41 20 51 37 72 89 69 63 5 21 88 93 9 20 32 24 88 11 50 
9 86 14 12 92 17 32 30 26 31 22 89 64 79 89 54 7 56 97 98 43 31 5 76 14 77 70 13 4 85 
66 5 18 6 20 49 7 62 60 36 57 18 32 88 48 11 15 12 39 74 60 17 59 98 25 98 85 26 72 92 
51 68 68 72 20 83 91 11 99 67 30 44 2 45 41 17 69 43 4 84 4 11 70 10 96 6 3 74 30 53 
77 86 97 65 48 74 78 59 32 86 34 28 63 17 52 41 90 72 17 75 60 8 9 20 90 18 52 95 13 56 
57 72 63 17 37 96 33 14 93 47 20 15 91 82 33 45 84 56 42 52 40 0 85 1 96 23 60 34 36 50 
76 26 63 14 31 13 25 75 52 75 0 27 4 96 59 10 59 50 62 52 85 63 50 0 81 60 44 6 92 9 
66 96 61 94 29 26 4 6 77 7 28 17 71 43 7 81 38 32 11 81 35 12 29 12 17 53 47 61 69 24 
70 45 73 0 86 0 22 75 31 31 70 88 86 82 14 10 28 75 37 12 5 20 40 36 9 13 73 25 82 62 
20 0 54 2 98 74 18 15 96 42 82 29 41 8 49 93 73 8 37 39 78 58 7 77 97 38 82 86 12 79 
81 98 84 23 76 94 93 69 72 38 91 28 51 47 89 49 37 49 27 85 77 90 95 17 31 90 14 52 30 52 
87 66 40 85 85 49 42 87 20 80 10 0 31 50 56 34 73 85 69 32 92 56 66 97 30 79 39 30 83 30 
56 40 13 32 52 20 79 1 30 5 54 43 45 58 28 40 38 47 14 80 62 2 18 3 95 86 38 79 43 95 
85 38 89 83 66 13 9 76 63 71 94 25 80 38 36 3 79 52 63 44 92 95 33 99 95 75 27 36 84 90 
2 15 84 61 80 16 84 39 1 9 66 16 58 80 93 85 93 52 67 54 17 90 51 78 96 43 43 90 2 82 
44 29 24 47 32 2 4 83 63 31 17 54 54 61 23 55 1 48 72 55 61 30 13 55 93 73 65 33 24 30 
29 13 6 57 64 80 64 80 59 30 62 3 43 25 29 0 61 93 20 31 78 88 16 84 86 12 83 13 49 49 
33 47 93 72 67 74 28 31 5 31 67 7 2 60 66 16 31 90 19 89 79 83 66 61 73 36 93 40 45 27 
59 48 99 58 53 59 37 24 69 49 63 9 72 72 62 0 69 0 33 60 17 95 18 94 38 9 59 24 17 21 
66 33 4 71 91 50 39 25 37 93 88 10 33 85 44 83 84 15 35 31 44 2 46 15 88 94 44 0 87 1 
63 45 93 42 90 35 12 74 57 80 95 9 35 21 96 47 74 8 71 85 45 42 12 78 75 10 50 60 85 31 
54 39 60 3 34 58 21 37 0 50 85 86 56 43 9 19 18 0 78 15 85 86 77 46 17 17 43 96 75 5 
7 27 47 27 59 93 56 76 2 56 31 66 75 59 71 7 56 69 52 66 95 79 52 84 10 35 79 13 64 41 
48 91 6 47 35 72 37 17 91 85 34 48 14 74 51 72 4 55 72 69 36 85 87 80 56 39 20 81 49 30 
24 69 63 16 28 74 75 96 92 82 29 64 18 51 98 97 13 51 29 84 1 43 96 14 39 1 43 1 81 36 
19 96 84 60 25 25 64 24 10 39 47 98 21 85 53 82 64 22 32 78 34 33 34 47 41 27 61 32 21 13 
66 31 14 10 77 48 49 1 58 43 68 59 48 82 81 13 35 36 31 6 55 89 13 84 12 66 68 14 86 66 
58 12 48 78 96 35 12 20 64 73 97 6 62 32 63 55 81 5 61 90 55 71 99 74 75 60 25 14 59 85 
69 0 83 24 95 68 62 3 68 20 6 9 21 17 95 48 87 42 56 9 25 98 24 7 58 79 38 26 10 36 
82 65 90 38 85 71 76 71 45 12 99 45 25 23 16 10 51 17 34 74 1 66 18 98 67 71 97 3 32 90 
53 6 93 96 52 87 16 62 58 37 16 28 33 48 81 66 18 49 3 66 45 84 74 9 33 4 45 88 55 2 
96 2 88 28 30 38 81 59 88 4 6 96 78 84 72 35 45 36 10 27 10 37 83 13 90 64 59 10 56 49 
46 84 82 55 97 35 19 69 27 71 72 92 84 58 75 80 89 69 97 70 23 69 14 92 34 4 29 48 83 90 
35 13 54 15 53 82 13 90 74 83 64 45 3 16 54 12 82 84 32 66 32 49 39 26 46 8 8 8 29 71 
92 1 52 5 41 12 81 60 15 86 91 91 87 7 76 55 76 27 14 29 23 97 52 96 87 82 23 81 39 76 
91 35 70 74 13 20 38 49 50 8 31 46 55 22 17 87 45 82 10 52 18 19 56 89 72 76 43 49 45 22 
83 67 75 34 2 23 61 16 52 55 55 86 37 22 35 21 98 21 28 64 13 15 81 20 99 20 18 94 34 70 
0 61 21 45 4 54 67 42 72 23 63 11 3 98 59 95 88 52 97 50 1 57 40 24 23 71 95 27 25 1 
33 14 63 45 56 77 60 73 47 4 62 33 25 57 10 89 69 77 54 96 3 18 4 11 46 67 1 73 57 0 
42 88 64 85 93 37 15 35 87 62 21 61 80 10 63 83 4 46 91 10 62 48 32 76 36 67 83 12 9 97 
75 82 26 89 97 13 35 19 50 96 91 85 64 45 12 82 79 38 24 99 93 64 24 24 19 77 56 60 4 5 
74 81 11 74 47 78 52 59 21 88 33 42 36 96 52 69 80 46 46 21 20 20 96 40 42 56 26 80 86 16 
57 73 61 31 99 30 85 75 96 13 69 61 63 59 50 41 60 23 40 64 11 91 51 22 65 68 99 93 37 50 
8 53 90 22 72 16 49 57 32 38 47 96 82 69 61 39 19 62 58 80 88 68 94 57 91 63 17 9 68 0 
60 54 65 81 50 40 43 78 42 19 88 71 70 57 49 62 70 76 93 89 19 91 53 55 90 86 20 40 16 51 
5 62 26 65 62 3 82 91 46 23 35 35 67 18 76 77 46 8 59 72 81 45 12 85 0 90 66 97 33 93 
74 15 55 78 89 62 62 14 30 22 90 23 56 76 93 65 29 63 33 90 18 32 54 48 2 74 30 6 62 66 
34 7 52 49 45 67 26 27 92 1 34 57 19 19 9 71 1 41 38 56 59 10 63 65 42 5 58 47 81 2 
92 22 39 5 59 33 92 63 40 47 39 43 35 1 13 21 68 1 37 18 61 23 55 86 31 86 38 16 43 74 
27 43 46 51 73 55 54 74 96 18 56 14 51 12 72 39 90 2 84 3 57 9 7 63 41 53 83 13 95 74 
20 5 76 65 83 90 74 66 42 11 44 2 20 25 35 71 82 36 1 5 79 69 29 68 29 4 23 66 6 72 
28 64 50 69 73 68 38 35 90 89 79 11 9 1 6 80 63 76 1 35 34 40 49 44 31 95 33 3 90 93 
7 90 10 62 94 75 1 20 19 32 80 18 66 72 51 19 8 85 63 75 62 60 14 83 65 30 54 27 71 49 
20 22 18 1 80 38 8 11 76 56 8 86 13 90 57 22 13 76 45 51 29 9 98 14 0 79 69 82 97 48 
42 57 76 58 94 42 32 52 51 45 50 79 59 54 72 82 50 16 28 11 59 94 11 9 39 81 88 37 78 10 
73 82 98 75 6 21 15 57 26 60 77 25 14 58 1 49 48 14 94 42 10 79 15 33 24 0 16 23 11 37 
82 79 3 94 34 79 45 52 81 92 80 5 39 80 91 31 36 38 43 49 87 16 64 52 1 93 42 99 55 82 
36 24 44 9 20 93 97 75 13 6 19 0 74 26 90 15 43 1 39 43 72 92 73 84 77 20 31 3 1 15 
83 81 67 11 2 74 69 31 82 99 18 55 78 37 49 52 80 19 67 39 57 41 59 89 46 21 24 90 40 98 
95 48 25 22 44 77 65 3 6 0 32 17 51 91 30 64 6 7 57 57 94 85 14 62 39 29 49 33 65 85 
87 15 83 93 3 85 43 69 18 79 95 35 38 23 90 21 71 49 8 4 69 76 95 43 5 93 60 44 71 55 
48 46 55 99 83 35 39 32 74 2 17 41 15 13 40 42 2 70 21 60 78 50 62 2 72 87 99 74 79 6 
53 51 3 33 50 98 72 51 53 4 86 57 94 81 53 55 26 29 34 79 22 74 0 44 80 41 68 56 38 2 
64 32 80 16 50 20 1 64 93 11 63 22 63 83 52 49 8 20 33 69 25 8 40 71 21 77 65 78 58 58 
38 25 95 79 91 74 93 1 62 54 44 78 86 85 22 95 70 45 90 14 46 74 95 33 65 36 47 31 58 79 
54 66 88 49 61 47 68 79 21 85 8 31 89 5 37 74 21 76 97 27 20 83 98 89 53 48 10 58 45 83 
99 87 6 23 52 33 65 79 44 13 11 99 39 62 49 38 30 49 50 76 58 6 29 14 72 87 94 63 11 32 
42 99 26 28 96 37 64 91 18 58 2 91 25 87 79 18 9 18 78 47 36 14 52 50 60 38 99 71 96 6 
29 55 29 40 74 5 47 85 35 91 44 11 70 55 10 12 75 76 13 74 89 90 42 72 49 79 67 28 56 73 

1028 3001 2166 1537 1133 3328 2317 3184 954 773 3189 2979 565 605 3256 1031 818 1017 903 333 2288 585 2023 3147 2636 2693 2050 2746 3057 3180 

18921 4388 17206 15923 12377 1347 2035 15451 6315 12910 12629 15172 3263 17793 7609 1315 7780 10357 13681 13788 15722 18528 15096 14920 19172 14082 2385 12500 19624 16745 