90
30

35 25 93 94 96 73 73 22 42 80 9 73 48 61 34 54 31 14 21 38 78 94 67 6 68 86 5 22 78 90 
95 24 38 33 0 64 99 70 24 19 28 59 95 59 27 1 1 49 55 90 13 18 4 13 68 18 35 97 80 60 
1 83 8 99 97 91 99 10 23 87 86 68 41 81 9 26 66 17 84 64 37 10 44 37 18 76 27 61 74 45 
79 3 94 35 5 67 48 56 77 97 29 58 90 33 91 41 24 98 1 98 45 88 52 42 62 11 12 65 24 86 
15 10 12 0 97 56 73 80 60 54 94 42 90 59 16 6 78 50 37 99 26 24 44 90 16 21 89 11 91 0 
88 78 72 86 13 4 11 47 96 74 40 79 82 19 92 10 92 9 85 36 68 61 96 69 40 19 76 48 19 63 
67 48 98 47 49 85 38 74 95 2 58 62 29 91 49 57 28 72 94 96 82 46 60 20 28 97 92 4 17 92 
20 48 68 14 77 37 33 36 67 72 72 9 40 36 7 17 73 38 5 46 48 47 25 42 81 15 0 67 53 52 
61 90 34 1 29 49 1 18 98 87 5 66 25 44 23 70 85 53 9 1 40 79 26 75 54 5 21 92 49 27 
80 51 65 44 77 11 98 43 93 93 3 2 78 28 98 80 85 17 16 59 83 36 60 59 51 20 99 31 93 0 
75 19 24 69 22 25 36 24 32 30 23 92 94 60 38 36 95 78 2 8 83 65 95 91 5 14 94 54 72 37 
36 94 38 77 37 52 59 70 73 38 2 86 10 77 2 61 57 71 83 94 51 55 10 67 19 68 23 16 72 77 
74 52 9 32 59 28 68 27 43 86 23 8 88 29 24 37 45 19 33 20 87 75 5 51 53 29 2 23 77 80 
53 20 88 27 97 79 21 89 66 2 73 42 97 42 79 18 80 92 27 68 88 73 96 60 36 66 7 81 65 67 
36 61 52 42 87 28 8 2 67 72 77 61 86 80 75 3 80 57 42 94 37 57 66 26 57 81 16 52 1 21 
0 66 83 59 35 33 29 37 73 76 0 78 45 72 55 4 13 9 1 89 25 20 49 52 34 79 81 62 12 39 
1 14 76 39 13 13 12 12 56 56 45 77 85 3 14 79 89 89 41 34 69 1 90 81 26 39 84 39 38 18 
93 38 8 91 34 62 30 6 45 30 97 1 4 88 49 34 26 7 31 75 60 4 16 23 47 15 14 18 30 14 
59 58 25 38 59 54 88 65 48 64 44 63 68 9 50 96 78 49 22 62 62 71 48 1 90 24 55 91 46 8 
10 19 36 82 71 10 27 67 25 32 94 53 66 22 70 31 8 93 20 21 39 28 99 51 53 63 46 19 21 7 
42 45 86 73 23 83 96 2 23 65 6 3 6 83 17 43 90 36 26 76 83 13 15 70 93 57 98 81 53 62 
0 91 7 80 42 1 33 46 60 45 91 49 67 70 30 5 53 95 0 11 76 46 38 80 85 32 33 1 79 1 
88 52 96 1 30 86 88 30 43 46 24 46 12 86 15 83 28 12 76 75 59 59 54 8 14 71 84 36 43 57 
67 23 43 28 61 24 90 48 55 94 87 54 44 95 4 12 31 44 67 42 37 10 14 2 77 74 4 27 44 87 
82 70 4 3 16 71 97 77 49 71 99 30 63 30 79 60 19 30 71 11 30 72 37 58 93 77 88 58 59 78 
95 67 48 50 6 52 20 7 52 6 56 77 97 82 29 28 82 88 46 9 62 98 9 21 25 5 14 39 52 80 
94 50 67 40 72 77 65 34 77 2 24 89 45 5 52 97 3 94 8 6 11 86 7 71 5 54 96 66 79 61 
58 66 81 60 88 48 21 96 43 69 20 64 59 32 37 10 90 27 66 66 8 24 74 65 81 52 34 73 97 89 
77 33 18 44 57 16 83 12 99 19 77 31 93 43 52 69 39 65 59 28 58 73 33 26 31 18 32 18 19 26 
21 48 83 61 68 49 18 20 78 35 47 26 78 49 51 33 45 67 42 62 33 61 80 38 32 80 16 82 82 0 
96 3 10 50 57 69 67 19 21 65 96 98 40 64 30 7 62 69 31 21 26 8 7 94 96 74 52 33 98 63 
27 84 11 33 55 28 45 99 98 97 84 36 57 62 89 48 89 42 1 28 48 55 54 27 99 96 29 90 38 10 
80 35 36 10 23 91 95 48 80 9 67 32 85 11 82 68 43 58 86 49 56 30 86 25 78 61 55 43 62 83 
35 16 3 36 50 74 0 92 17 3 79 73 3 77 66 61 89 37 83 43 26 74 27 36 80 14 32 70 38 15 
43 44 85 38 44 75 87 27 21 94 58 19 48 86 59 88 26 46 96 69 31 20 85 21 24 49 16 35 40 30 
39 97 76 57 29 41 16 25 35 72 76 97 1 49 75 56 12 29 27 21 16 44 41 70 15 45 66 17 28 34 
10 34 71 78 30 97 7 68 66 29 57 69 67 43 80 76 38 12 61 65 93 33 64 21 5 44 41 59 87 28 
97 83 35 92 71 53 32 31 56 46 78 94 89 33 6 16 75 13 98 97 30 69 7 20 52 40 50 60 59 30 
28 11 55 85 95 34 98 21 72 19 14 76 74 97 40 32 16 43 17 3 4 72 65 16 13 13 91 20 38 2 
42 78 43 39 79 72 57 3 36 84 99 14 14 45 8 81 94 89 31 92 84 19 88 17 36 88 18 35 89 58 
70 21 34 80 97 27 97 8 72 63 92 51 25 58 90 14 74 56 7 83 96 74 1 63 71 26 37 70 87 1 
54 35 80 37 54 65 65 33 86 84 78 92 96 36 22 89 73 28 99 0 9 46 67 43 45 66 59 15 85 53 
48 19 91 7 38 36 92 19 33 54 69 21 99 87 1 55 23 34 94 9 47 57 3 67 10 94 38 91 43 11 
20 30 90 88 6 13 54 70 14 82 0 34 18 72 44 62 85 32 21 15 81 60 17 40 65 87 5 63 52 29 
1 63 6 3 61 0 0 70 67 61 58 49 73 54 56 17 9 49 48 92 71 44 61 63 47 26 47 3 39 31 
8 0 96 36 31 75 72 38 75 75 59 95 37 68 71 41 51 67 75 94 15 69 89 27 59 79 8 63 72 67 
12 20 75 54 79 11 4 55 94 80 31 4 43 29 35 44 25 63 21 62 10 64 33 97 51 60 0 52 6 64 
36 85 35 93 69 74 84 87 61 57 59 92 65 15 71 83 11 35 75 30 33 74 68 41 72 18 96 33 4 1 
87 9 11 18 29 57 56 67 32 80 59 0 61 36 73 44 28 47 98 54 75 94 2 0 87 24 27 79 21 27 
94 28 29 46 39 82 28 60 51 75 32 24 79 6 53 65 52 5 37 77 1 71 86 49 91 72 94 32 16 28 
87 17 89 14 48 91 40 46 73 93 15 67 76 69 26 4 50 23 94 96 57 97 99 6 83 33 11 48 98 97 
80 22 13 67 5 19 96 25 2 37 20 88 59 40 43 83 26 25 28 47 91 91 82 98 45 38 50 24 23 17 
98 71 83 21 81 37 58 82 60 98 91 34 35 20 44 25 99 51 33 7 25 66 34 44 43 37 65 99 83 42 
36 98 77 24 15 88 33 77 64 25 62 26 45 71 92 7 77 80 95 74 20 92 36 2 10 92 6 41 58 75 
90 53 6 39 2 39 85 92 72 29 35 46 63 93 74 38 80 8 13 92 68 73 86 26 22 69 7 47 72 0 
97 8 87 60 38 19 31 21 30 9 63 28 83 25 58 50 63 77 97 24 59 81 40 83 52 60 2 72 10 4 
81 75 29 95 4 11 88 43 2 88 7 16 30 0 17 20 78 15 70 89 51 98 66 92 21 59 63 51 57 9 
5 37 7 92 72 85 79 96 56 51 44 80 98 97 60 65 45 69 90 73 26 24 63 18 36 3 5 70 89 59 
27 71 72 98 58 45 21 84 63 48 94 9 69 49 9 39 99 35 74 92 96 78 37 93 64 10 20 22 73 6 
20 49 16 40 92 22 83 96 41 53 19 40 2 13 75 68 68 35 56 12 9 85 37 47 80 57 95 46 16 85 
92 71 74 91 86 90 46 20 61 72 73 7 17 88 26 91 48 25 28 82 0 92 54 27 86 69 7 33 9 37 
70 57 15 88 87 60 63 88 11 86 12 69 30 14 42 51 62 98 58 27 64 83 59 63 11 75 54 97 44 93 
71 39 79 35 79 96 23 35 31 93 62 90 88 49 0 0 87 31 56 20 61 96 75 44 25 6 79 65 89 53 
89 65 54 47 85 45 10 52 67 0 36 56 75 86 80 43 42 43 58 69 0 72 0 73 83 76 50 91 58 15 
73 25 15 28 45 2 80 42 18 30 29 44 86 21 22 4 14 47 90 76 71 51 36 0 4 16 34 96 45 85 
45 20 25 68 66 20 40 84 7 11 99 21 41 61 49 22 76 56 51 26 52 89 52 4 53 79 86 98 99 24 
85 42 35 57 99 6 61 31 46 16 53 66 35 34 59 47 53 89 5 33 88 11 7 24 41 97 90 12 47 13 
68 86 4 13 24 81 86 28 94 5 82 65 55 52 96 94 63 7 89 39 79 4 59 0 11 79 85 43 34 35 
73 69 60 11 98 37 2 28 12 92 29 44 78 37 1 43 34 43 55 47 7 86 64 21 34 60 91 7 45 95 
19 11 37 93 12 35 22 49 63 13 40 22 7 2 73 83 24 43 91 42 62 80 20 34 25 13 17 23 47 13 
91 49 29 33 96 28 90 97 94 73 94 30 67 9 39 88 19 95 8 85 91 68 34 23 99 79 26 90 51 89 
55 61 6 44 96 26 95 34 77 41 92 26 83 55 29 12 12 67 78 8 82 32 48 15 43 97 79 10 29 41 
11 27 61 66 81 59 1 42 63 90 86 17 56 20 18 40 95 57 85 57 23 97 28 77 59 95 87 28 55 8 
94 35 13 69 88 99 21 18 72 63 16 91 49 77 85 55 82 21 72 38 92 31 39 82 72 43 9 36 86 47 
81 44 81 21 4 18 30 87 39 85 88 2 56 49 23 79 41 26 59 10 2 13 39 18 20 23 93 82 66 83 
84 90 74 86 47 27 69 43 54 10 62 67 72 1 72 93 88 88 45 18 31 0 62 12 5 2 72 24 14 75 
86 1 46 97 13 90 48 61 30 80 4 3 26 13 1 32 36 70 48 70 80 11 78 66 66 29 44 18 13 29 
9 35 12 69 64 13 34 5 38 12 44 32 93 57 78 15 96 96 9 43 31 98 91 75 77 58 65 25 83 60 
69 26 0 1 71 84 51 87 38 74 70 45 3 70 10 14 76 6 29 24 35 95 86 49 81 73 7 10 45 29 
22 74 80 46 57 47 76 62 45 75 85 30 94 9 36 31 17 76 90 61 19 78 47 22 87 4 17 60 42 33 
26 38 35 62 95 58 0 71 27 33 7 34 95 0 61 30 9 19 50 96 0 0 34 46 62 41 33 49 26 82 
57 20 68 15 68 81 76 78 94 5 9 48 21 30 51 1 19 15 21 8 17 81 97 81 90 50 83 83 44 77 
94 80 22 40 62 91 42 40 93 62 57 8 95 71 93 29 97 44 14 50 9 36 0 97 83 8 52 40 0 99 
64 82 70 85 11 46 40 64 52 7 29 8 51 70 40 87 56 6 35 33 91 0 46 10 56 60 71 24 34 95 
87 56 62 65 65 21 90 68 67 98 64 1 77 57 89 10 89 96 64 37 31 60 93 12 40 3 12 44 85 17 
98 24 7 37 28 31 48 4 29 17 43 26 18 97 43 91 33 78 70 16 94 6 12 15 62 11 36 56 72 76 
59 15 52 66 7 45 76 90 50 41 92 82 6 46 31 25 41 36 91 52 99 81 49 99 62 76 39 0 14 77 
12 37 40 88 57 89 18 96 46 56 64 34 45 33 31 27 89 70 97 58 22 40 76 44 52 9 31 14 62 66 
90 41 81 65 85 52 18 93 62 28 98 49 44 74 50 20 25 0 52 70 50 67 31 81 89 74 53 32 28 93 
67 72 17 90 2 52 60 60 92 4 41 93 18 93 2 47 68 72 34 68 57 19 45 14 74 43 11 57 22 69 

79 59 4 77 91 24 90 61 0 31 25 24 64 67 80 1 87 67 9 59 80 16 28 57 56 21 65 5 72 50 
9 4 55 60 30 72 61 60 84 87 76 54 14 95 38 85 92 73 52 81 96 43 29 45 88 69 52 62 56 97 
68 12 26 8 64 5 58 97 52 88 88 4 84 74 71 51 92 8 49 74 83 68 35 27 65 57 96 36 80 34 
76 98 51 9 84 66 2 80 55 66 69 85 36 30 42 22 71 51 0 28 88 82 9 43 99 49 18 95 80 34 
69 70 80 62 95 73 88 90 83 74 47 88 19 11 99 52 42 84 0 93 89 67 33 95 84 22 20 37 19 82 
3 9 23 58 37 83 24 65 30 11 50 83 24 62 6 1 85 23 47 99 56 18 29 76 93 26 86 27 93 11 
96 21 66 73 18 40 23 98 9 77 87 76 65 7 35 79 32 75 37 64 98 62 47 9 42 36 66 7 15 86 
72 83 76 94 4 4 6 12 27 88 71 30 22 49 16 50 89 24 0 29 32 63 6 22 93 94 98 59 30 85 
95 30 73 60 85 63 89 48 8 27 49 75 79 73 87 13 15 20 58 73 9 39 87 73 56 84 23 39 15 84 
56 25 73 96 72 38 46 70 29 20 23 90 1 21 49 88 15 67 94 32 75 93 56 63 51 17 7 5 78 54 
58 82 95 11 21 24 7 7 81 36 66 0 21 64 2 35 48 84 28 26 11 4 31 46 38 36 11 84 91 99 
12 93 44 52 87 42 32 61 77 48 12 61 82 35 46 62 86 63 89 2 33 24 49 59 82 85 51 75 89 31 
14 35 86 49 34 25 58 35 24 57 40 35 57 28 92 40 15 56 97 96 35 9 25 11 10 25 42 53 86 75 
45 81 55 34 74 59 41 58 18 25 40 66 19 34 35 95 46 98 19 70 88 68 96 7 81 56 24 34 87 88 
37 10 73 26 66 75 62 1 25 42 65 61 42 50 92 3 60 4 33 58 22 85 25 52 33 23 68 42 40 23 
53 19 93 37 2 22 74 88 45 98 95 95 81 14 20 71 4 93 47 73 75 37 63 35 84 67 53 15 35 73 
35 35 40 68 44 90 0 95 78 62 30 12 7 65 37 68 85 0 58 45 10 3 32 18 51 9 52 72 12 72 
21 67 7 16 4 48 75 82 68 37 50 37 35 48 67 30 87 27 71 11 16 95 59 72 99 53 72 50 28 67 
15 12 47 61 76 16 66 65 73 8 45 8 37 10 88 54 29 97 71 10 38 81 5 70 5 39 7 58 83 57 
21 98 14 82 24 8 89 92 7 18 22 42 5 35 59 31 28 20 95 5 17 55 67 94 11 88 56 44 24 20 
17 84 50 48 13 60 45 80 13 5 67 95 3 37 57 11 9 6 7 79 17 19 37 16 63 38 80 61 17 3 
52 91 78 38 47 48 60 51 92 64 41 20 50 81 99 26 49 98 53 95 86 3 92 38 30 65 55 6 20 93 
95 15 30 91 43 82 53 67 53 94 31 66 88 6 18 48 88 22 61 24 31 13 36 9 69 86 81 91 95 95 
1 78 92 58 33 7 66 32 21 16 41 53 15 8 93 38 97 64 47 17 11 83 58 30 41 57 44 21 61 99 
58 7 51 6 11 89 72 92 71 62 16 52 18 26 82 29 18 97 70 88 54 83 54 40 19 69 96 46 62 28 
25 13 45 48 63 55 53 44 95 68 57 96 11 71 27 37 57 87 49 65 85 71 83 72 79 23 75 10 6 19 
14 23 17 74 76 31 86 98 15 40 82 24 95 18 92 11 62 41 51 55 96 31 49 57 6 15 12 30 61 87 
87 63 44 50 64 38 99 70 35 0 95 75 54 14 32 62 57 55 62 25 59 25 90 89 29 79 95 25 14 25 
82 87 65 3 40 84 81 81 81 87 82 16 89 22 64 62 87 20 11 25 17 3 64 4 88 37 54 68 20 91 
83 39 20 54 79 9 41 31 69 94 17 7 62 97 91 40 3 57 50 36 75 86 64 18 34 18 69 78 15 41 
50 84 53 71 29 85 77 94 34 24 14 86 23 61 70 82 93 62 99 57 90 11 77 48 89 45 24 11 36 18 
63 12 51 54 92 86 37 33 20 11 53 27 87 84 37 82 62 5 87 4 12 87 44 99 57 59 27 88 73 42 
16 71 8 84 89 32 7 18 44 5 79 55 83 34 47 32 23 11 57 91 62 60 41 37 25 11 67 12 60 80 
8 87 58 53 25 55 26 26 38 67 24 62 34 65 55 68 38 90 68 92 32 58 6 6 21 67 20 9 69 41 
19 85 40 42 36 86 46 11 26 27 62 0 26 22 80 23 50 82 89 36 81 74 26 16 5 94 22 2 88 13 
37 22 85 94 69 18 46 95 66 35 48 3 94 51 71 54 18 49 96 58 18 64 96 9 39 65 44 60 50 35 
62 96 53 75 85 31 76 43 8 13 41 0 53 3 82 22 54 86 64 9 72 10 25 88 70 58 33 2 6 16 
47 27 48 87 14 60 95 48 33 63 67 73 87 70 96 54 11 83 42 97 44 10 2 79 98 36 82 81 29 10 
72 56 91 6 27 68 24 80 42 27 94 42 88 17 82 3 34 66 1 68 78 23 93 1 61 36 12 56 37 48 
10 70 24 53 96 65 51 76 2 81 98 79 3 59 62 90 64 48 21 26 11 82 76 53 60 74 72 83 25 10 
63 29 21 52 38 59 12 67 48 5 75 49 85 45 85 12 4 40 32 48 11 2 33 95 25 32 2 61 6 52 
84 81 8 3 65 18 93 6 24 41 18 1 81 15 73 97 56 16 50 23 47 35 53 40 95 45 86 60 88 39 
82 3 19 66 48 51 8 24 64 7 55 83 33 65 71 51 81 35 14 2 61 98 29 37 99 67 63 36 96 90 
99 26 68 26 49 80 79 59 78 17 24 52 63 56 42 54 5 69 77 89 44 18 21 28 61 71 95 90 36 40 
63 32 26 81 80 42 76 57 24 19 62 36 46 15 40 91 65 79 54 27 76 20 19 33 38 82 87 48 88 94 
52 96 68 47 71 7 84 0 91 46 25 25 8 13 0 44 16 87 95 5 1 23 41 16 96 28 44 32 9 71 
23 47 84 12 68 55 47 49 93 80 68 13 51 79 26 71 55 72 58 6 1 53 39 98 87 98 17 4 92 57 
93 34 44 93 39 60 92 27 77 93 68 92 69 43 93 86 86 27 80 8 66 83 22 97 74 34 72 15 12 79 
60 39 65 25 92 57 62 81 43 92 98 67 19 73 40 38 66 55 19 88 40 42 77 17 74 69 19 56 8 44 
96 88 50 64 11 23 8 45 33 83 95 32 53 44 6 94 15 15 7 1 18 56 99 45 66 73 43 51 2 31 
50 96 70 83 86 26 80 99 29 41 70 42 0 82 1 36 35 51 13 11 79 43 37 22 20 66 41 85 91 83 
60 69 7 7 21 33 17 20 79 17 94 9 23 99 79 35 9 98 61 74 39 77 66 6 88 71 66 34 48 55 
53 59 40 20 32 45 22 25 15 48 79 32 38 94 81 65 28 37 55 28 89 18 83 86 76 16 47 80 95 57 
67 51 36 28 2 80 29 9 33 62 74 16 10 93 94 19 69 15 19 89 29 67 71 73 23 23 41 9 51 18 
65 24 16 8 22 92 16 83 49 25 96 66 13 33 64 40 96 87 46 94 92 45 31 95 7 55 22 92 18 21 
96 47 34 4 48 28 66 9 63 8 92 50 45 73 74 16 93 5 74 81 8 13 67 17 73 38 47 11 28 17 
83 95 40 20 56 45 52 81 96 92 35 75 7 71 94 40 23 84 10 12 57 65 87 50 31 69 78 60 89 16 
75 35 40 79 2 82 85 73 52 4 14 9 34 47 90 4 48 39 48 62 90 79 73 80 52 51 49 21 78 72 
78 78 85 2 14 24 62 72 72 97 10 0 95 80 74 27 86 94 93 59 61 80 67 15 48 49 5 27 58 46 
17 24 9 32 63 92 54 88 60 19 69 2 22 42 87 83 80 64 91 18 6 7 99 71 39 19 7 74 87 60 
68 75 52 8 25 44 3 95 33 32 98 45 24 56 21 68 14 48 87 45 44 81 46 7 21 74 62 87 72 35 
73 96 62 90 47 60 17 7 82 19 46 21 39 66 84 6 75 83 69 63 43 2 39 18 59 1 8 32 55 3 
66 95 75 48 99 30 81 56 26 49 66 88 13 26 6 87 95 76 90 59 23 67 4 9 12 93 79 46 68 95 
96 45 8 93 41 0 8 88 40 17 39 22 4 44 76 24 83 7 1 74 5 38 17 56 40 80 52 1 22 18 
29 13 25 82 17 51 53 98 94 11 25 5 93 12 33 46 2 93 17 18 45 83 97 26 67 80 29 75 95 66 
95 10 45 45 43 78 9 69 32 59 34 2 44 22 74 31 74 71 80 19 13 2 67 70 79 97 63 44 61 92 
25 42 85 32 92 53 11 85 0 26 32 67 80 18 18 15 14 24 36 12 23 91 38 35 7 79 99 93 67 6 
39 74 75 12 70 11 69 4 54 51 3 83 46 70 55 72 80 72 97 65 13 80 68 4 22 85 4 34 41 23 
16 82 74 5 26 89 12 91 0 69 54 14 30 79 99 86 57 28 72 24 52 55 85 2 76 56 52 10 92 40 
25 63 18 40 89 11 7 16 59 33 32 24 56 5 92 32 56 0 59 8 48 43 58 27 17 25 28 51 80 63 
8 80 8 55 57 3 19 62 98 65 43 16 35 51 65 47 97 41 16 64 3 89 71 44 43 45 62 9 32 97 
16 88 84 18 81 11 90 49 8 68 24 40 86 37 2 35 48 55 54 85 13 96 9 0 18 84 82 0 58 35 
19 7 31 21 51 98 73 7 46 12 13 83 60 71 93 8 50 66 33 36 68 21 18 83 69 28 75 62 0 13 
27 99 42 99 60 91 41 41 47 88 28 79 0 0 31 20 56 59 20 40 7 90 43 88 39 77 47 11 39 20 
68 36 81 14 78 94 95 18 81 51 3 66 14 93 47 59 7 78 52 37 75 55 20 9 83 2 19 99 81 44 
19 40 10 51 13 13 27 21 92 15 98 10 78 20 53 49 43 38 9 67 45 8 3 16 83 77 87 62 35 38 
84 77 34 50 93 67 7 42 15 10 67 88 18 80 43 97 69 0 87 60 5 37 84 53 14 33 66 69 57 43 
3 46 41 13 14 15 36 26 29 68 87 98 95 33 65 2 5 9 60 52 91 88 14 68 5 71 44 18 2 54 
89 2 74 48 10 11 0 48 5 97 32 73 16 26 15 39 60 98 9 38 95 66 75 29 1 70 29 78 48 91 
83 93 81 76 34 31 25 85 44 0 15 81 57 56 95 40 25 89 25 69 34 30 18 57 72 31 78 83 63 8 
9 74 65 38 27 80 5 53 90 3 9 65 30 7 27 35 42 90 84 56 78 96 95 2 48 97 27 84 10 77 
2 11 31 95 60 34 20 9 47 36 85 86 69 80 60 33 56 44 98 31 13 7 38 38 44 35 74 9 92 21 
7 50 23 54 41 87 46 19 53 40 53 72 61 13 9 24 66 50 39 34 28 24 93 98 19 36 68 79 61 74 
33 18 29 31 92 23 92 87 60 20 15 26 54 18 46 16 24 18 58 76 60 73 21 32 67 81 38 10 91 50 
47 27 28 91 82 78 60 20 57 36 98 61 96 3 16 0 39 81 22 25 91 58 88 48 87 24 38 98 6 59 
71 31 42 55 62 99 24 81 64 64 35 82 20 53 82 85 42 10 12 49 20 51 71 75 78 61 61 76 69 83 
34 63 5 75 32 4 34 45 59 55 28 91 49 74 46 4 59 66 70 7 12 18 47 43 52 35 70 31 3 64 
87 64 34 79 23 98 75 71 53 71 41 50 59 55 42 70 55 11 11 19 73 19 58 37 42 91 37 75 92 98 
93 73 76 60 12 48 92 87 1 9 40 65 70 42 53 27 83 30 89 65 20 98 62 38 43 13 56 27 76 62 
56 14 37 91 85 82 75 86 15 93 16 28 24 53 96 38 90 96 65 19 52 47 67 35 82 27 35 5 49 25 

1946 2530 1814 312 1494 1336 1636 1914 252 1575 1718 214 687 1985 791 2357 2624 1103 1676 2271 2561 220 935 1577 1935 1344 1436 1194 2237 1909 

9442 11053 4677 10153 2005 9494 2416 4698 5566 3889 5807 11381 8010 11689 10136 3240 8318 4728 10393 2056 3719 11116 5096 4863 7731 2474 5090 3444 2524 7599 