90
30

35 25 93 94 96 73 73 22 42 80 9 73 48 61 34 54 31 14 21 38 78 94 67 6 68 86 5 22 78 90 
95 24 38 33 0 64 99 70 24 19 28 59 95 59 27 1 1 49 55 90 13 18 4 13 68 18 35 97 80 60 
1 83 8 99 97 91 99 10 23 87 86 68 41 81 9 26 66 17 84 64 37 10 44 37 18 76 27 61 74 45 
79 3 94 35 5 67 48 56 77 97 29 58 90 33 91 41 24 98 1 98 45 88 52 42 62 11 12 65 24 86 
15 10 12 0 97 56 73 80 60 54 94 42 90 59 16 6 78 50 37 99 26 24 44 90 16 21 89 11 91 0 
88 78 72 86 13 4 11 47 96 74 40 79 82 19 92 10 92 9 85 36 68 61 96 69 40 19 76 48 19 63 
67 48 98 47 49 85 38 74 95 2 58 62 29 91 49 57 28 72 94 96 82 46 60 20 28 97 92 4 17 92 
20 48 68 14 77 37 33 36 67 72 72 9 40 36 7 17 73 38 5 46 48 47 25 42 81 15 0 67 53 52 
61 90 34 1 29 49 1 18 98 87 5 66 25 44 23 70 85 53 9 1 40 79 26 75 54 5 21 92 49 27 
80 51 65 44 77 11 98 43 93 93 3 2 78 28 98 80 85 17 16 59 83 36 60 59 51 20 99 31 93 0 
75 19 24 69 22 25 36 24 32 30 23 92 94 60 38 36 95 78 2 8 83 65 95 91 5 14 94 54 72 37 
36 94 38 77 37 52 59 70 73 38 2 86 10 77 2 61 57 71 83 94 51 55 10 67 19 68 23 16 72 77 
74 52 9 32 59 28 68 27 43 86 23 8 88 29 24 37 45 19 33 20 87 75 5 51 53 29 2 23 77 80 
53 20 88 27 97 79 21 89 66 2 73 42 97 42 79 18 80 92 27 68 88 73 96 60 36 66 7 81 65 67 
36 61 52 42 87 28 8 2 67 72 77 61 86 80 75 3 80 57 42 94 37 57 66 26 57 81 16 52 1 21 
0 66 83 59 35 33 29 37 73 76 0 78 45 72 55 4 13 9 1 89 25 20 49 52 34 79 81 62 12 39 
1 14 76 39 13 13 12 12 56 56 45 77 85 3 14 79 89 89 41 34 69 1 90 81 26 39 84 39 38 18 
93 38 8 91 34 62 30 6 45 30 97 1 4 88 49 34 26 7 31 75 60 4 16 23 47 15 14 18 30 14 
59 58 25 38 59 54 88 65 48 64 44 63 68 9 50 96 78 49 22 62 62 71 48 1 90 24 55 91 46 8 
10 19 36 82 71 10 27 67 25 32 94 53 66 22 70 31 8 93 20 21 39 28 99 51 53 63 46 19 21 7 
42 45 86 73 23 83 96 2 23 65 6 3 6 83 17 43 90 36 26 76 83 13 15 70 93 57 98 81 53 62 
0 91 7 80 42 1 33 46 60 45 91 49 67 70 30 5 53 95 0 11 76 46 38 80 85 32 33 1 79 1 
88 52 96 1 30 86 88 30 43 46 24 46 12 86 15 83 28 12 76 75 59 59 54 8 14 71 84 36 43 57 
67 23 43 28 61 24 90 48 55 94 87 54 44 95 4 12 31 44 67 42 37 10 14 2 77 74 4 27 44 87 
82 70 4 3 16 71 97 77 49 71 99 30 63 30 79 60 19 30 71 11 30 72 37 58 93 77 88 58 59 78 
95 67 48 50 6 52 20 7 52 6 56 77 97 82 29 28 82 88 46 9 62 98 9 21 25 5 14 39 52 80 
94 50 67 40 72 77 65 34 77 2 24 89 45 5 52 97 3 94 8 6 11 86 7 71 5 54 96 66 79 61 
58 66 81 60 88 48 21 96 43 69 20 64 59 32 37 10 90 27 66 66 8 24 74 65 81 52 34 73 97 89 
77 33 18 44 57 16 83 12 99 19 77 31 93 43 52 69 39 65 59 28 58 73 33 26 31 18 32 18 19 26 
21 48 83 61 68 49 18 20 78 35 47 26 78 49 51 33 45 67 42 62 33 61 80 38 32 80 16 82 82 0 
96 3 10 50 57 69 67 19 21 65 96 98 40 64 30 7 62 69 31 21 26 8 7 94 96 74 52 33 98 63 
27 84 11 33 55 28 45 99 98 97 84 36 57 62 89 48 89 42 1 28 48 55 54 27 99 96 29 90 38 10 
80 35 36 10 23 91 95 48 80 9 67 32 85 11 82 68 43 58 86 49 56 30 86 25 78 61 55 43 62 83 
35 16 3 36 50 74 0 92 17 3 79 73 3 77 66 61 89 37 83 43 26 74 27 36 80 14 32 70 38 15 
43 44 85 38 44 75 87 27 21 94 58 19 48 86 59 88 26 46 96 69 31 20 85 21 24 49 16 35 40 30 
39 97 76 57 29 41 16 25 35 72 76 97 1 49 75 56 12 29 27 21 16 44 41 70 15 45 66 17 28 34 
10 34 71 78 30 97 7 68 66 29 57 69 67 43 80 76 38 12 61 65 93 33 64 21 5 44 41 59 87 28 
97 83 35 92 71 53 32 31 56 46 78 94 89 33 6 16 75 13 98 97 30 69 7 20 52 40 50 60 59 30 
28 11 55 85 95 34 98 21 72 19 14 76 74 97 40 32 16 43 17 3 4 72 65 16 13 13 91 20 38 2 
42 78 43 39 79 72 57 3 36 84 99 14 14 45 8 81 94 89 31 92 84 19 88 17 36 88 18 35 89 58 
70 21 34 80 97 27 97 8 72 63 92 51 25 58 90 14 74 56 7 83 96 74 1 63 71 26 37 70 87 1 
54 35 80 37 54 65 65 33 86 84 78 92 96 36 22 89 73 28 99 0 9 46 67 43 45 66 59 15 85 53 
48 19 91 7 38 36 92 19 33 54 69 21 99 87 1 55 23 34 94 9 47 57 3 67 10 94 38 91 43 11 
20 30 90 88 6 13 54 70 14 82 0 34 18 72 44 62 85 32 21 15 81 60 17 40 65 87 5 63 52 29 
1 63 6 3 61 0 0 70 67 61 58 49 73 54 56 17 9 49 48 92 71 44 61 63 47 26 47 3 39 31 
8 0 96 36 31 75 72 38 75 75 59 95 37 68 71 41 51 67 75 94 15 69 89 27 59 79 8 63 72 67 
12 20 75 54 79 11 4 55 94 80 31 4 43 29 35 44 25 63 21 62 10 64 33 97 51 60 0 52 6 64 
36 85 35 93 69 74 84 87 61 57 59 92 65 15 71 83 11 35 75 30 33 74 68 41 72 18 96 33 4 1 
87 9 11 18 29 57 56 67 32 80 59 0 61 36 73 44 28 47 98 54 75 94 2 0 87 24 27 79 21 27 
94 28 29 46 39 82 28 60 51 75 32 24 79 6 53 65 52 5 37 77 1 71 86 49 91 72 94 32 16 28 
87 17 89 14 48 91 40 46 73 93 15 67 76 69 26 4 50 23 94 96 57 97 99 6 83 33 11 48 98 97 
80 22 13 67 5 19 96 25 2 37 20 88 59 40 43 83 26 25 28 47 91 91 82 98 45 38 50 24 23 17 
98 71 83 21 81 37 58 82 60 98 91 34 35 20 44 25 99 51 33 7 25 66 34 44 43 37 65 99 83 42 
36 98 77 24 15 88 33 77 64 25 62 26 45 71 92 7 77 80 95 74 20 92 36 2 10 92 6 41 58 75 
90 53 6 39 2 39 85 92 72 29 35 46 63 93 74 38 80 8 13 92 68 73 86 26 22 69 7 47 72 0 
97 8 87 60 38 19 31 21 30 9 63 28 83 25 58 50 63 77 97 24 59 81 40 83 52 60 2 72 10 4 
81 75 29 95 4 11 88 43 2 88 7 16 30 0 17 20 78 15 70 89 51 98 66 92 21 59 63 51 57 9 
5 37 7 92 72 85 79 96 56 51 44 80 98 97 60 65 45 69 90 73 26 24 63 18 36 3 5 70 89 59 
27 71 72 98 58 45 21 84 63 48 94 9 69 49 9 39 99 35 74 92 96 78 37 93 64 10 20 22 73 6 
20 49 16 40 92 22 83 96 41 53 19 40 2 13 75 68 68 35 56 12 9 85 37 47 80 57 95 46 16 85 
92 71 74 91 86 90 46 20 61 72 73 7 17 88 26 91 48 25 28 82 0 92 54 27 86 69 7 33 9 37 
70 57 15 88 87 60 63 88 11 86 12 69 30 14 42 51 62 98 58 27 64 83 59 63 11 75 54 97 44 93 
71 39 79 35 79 96 23 35 31 93 62 90 88 49 0 0 87 31 56 20 61 96 75 44 25 6 79 65 89 53 
89 65 54 47 85 45 10 52 67 0 36 56 75 86 80 43 42 43 58 69 0 72 0 73 83 76 50 91 58 15 
73 25 15 28 45 2 80 42 18 30 29 44 86 21 22 4 14 47 90 76 71 51 36 0 4 16 34 96 45 85 
45 20 25 68 66 20 40 84 7 11 99 21 41 61 49 22 76 56 51 26 52 89 52 4 53 79 86 98 99 24 
85 42 35 57 99 6 61 31 46 16 53 66 35 34 59 47 53 89 5 33 88 11 7 24 41 97 90 12 47 13 
68 86 4 13 24 81 86 28 94 5 82 65 55 52 96 94 63 7 89 39 79 4 59 0 11 79 85 43 34 35 
73 69 60 11 98 37 2 28 12 92 29 44 78 37 1 43 34 43 55 47 7 86 64 21 34 60 91 7 45 95 
19 11 37 93 12 35 22 49 63 13 40 22 7 2 73 83 24 43 91 42 62 80 20 34 25 13 17 23 47 13 
91 49 29 33 96 28 90 97 94 73 94 30 67 9 39 88 19 95 8 85 91 68 34 23 99 79 26 90 51 89 
55 61 6 44 96 26 95 34 77 41 92 26 83 55 29 12 12 67 78 8 82 32 48 15 43 97 79 10 29 41 
11 27 61 66 81 59 1 42 63 90 86 17 56 20 18 40 95 57 85 57 23 97 28 77 59 95 87 28 55 8 
94 35 13 69 88 99 21 18 72 63 16 91 49 77 85 55 82 21 72 38 92 31 39 82 72 43 9 36 86 47 
81 44 81 21 4 18 30 87 39 85 88 2 56 49 23 79 41 26 59 10 2 13 39 18 20 23 93 82 66 83 
84 90 74 86 47 27 69 43 54 10 62 67 72 1 72 93 88 88 45 18 31 0 62 12 5 2 72 24 14 75 
86 1 46 97 13 90 48 61 30 80 4 3 26 13 1 32 36 70 48 70 80 11 78 66 66 29 44 18 13 29 
9 35 12 69 64 13 34 5 38 12 44 32 93 57 78 15 96 96 9 43 31 98 91 75 77 58 65 25 83 60 
69 26 0 1 71 84 51 87 38 74 70 45 3 70 10 14 76 6 29 24 35 95 86 49 81 73 7 10 45 29 
22 74 80 46 57 47 76 62 45 75 85 30 94 9 36 31 17 76 90 61 19 78 47 22 87 4 17 60 42 33 
26 38 35 62 95 58 0 71 27 33 7 34 95 0 61 30 9 19 50 96 0 0 34 46 62 41 33 49 26 82 
57 20 68 15 68 81 76 78 94 5 9 48 21 30 51 1 19 15 21 8 17 81 97 81 90 50 83 83 44 77 
94 80 22 40 62 91 42 40 93 62 57 8 95 71 93 29 97 44 14 50 9 36 0 97 83 8 52 40 0 99 
64 82 70 85 11 46 40 64 52 7 29 8 51 70 40 87 56 6 35 33 91 0 46 10 56 60 71 24 34 95 
87 56 62 65 65 21 90 68 67 98 64 1 77 57 89 10 89 96 64 37 31 60 93 12 40 3 12 44 85 17 
98 24 7 37 28 31 48 4 29 17 43 26 18 97 43 91 33 78 70 16 94 6 12 15 62 11 36 56 72 76 
59 15 52 66 7 45 76 90 50 41 92 82 6 46 31 25 41 36 91 52 99 81 49 99 62 76 39 0 14 77 
12 37 40 88 57 89 18 96 46 56 64 34 45 33 31 27 89 70 97 58 22 40 76 44 52 9 31 14 62 66 
90 41 81 65 85 52 18 93 62 28 98 49 44 74 50 20 25 0 52 70 50 67 31 81 89 74 53 32 28 93 
67 72 17 90 2 52 60 60 92 4 41 93 18 93 2 47 68 72 34 68 57 19 45 14 74 43 11 57 22 69 

2 80 98 74 0 17 94 41 89 16 95 96 95 7 27 26 27 16 31 88 74 18 71 53 2 36 90 41 19 16 
13 15 73 37 96 25 94 30 69 17 83 17 15 56 16 95 3 23 23 17 43 84 55 64 43 36 37 87 90 99 
92 85 79 84 69 28 58 62 10 55 71 31 52 2 14 40 32 36 37 10 51 6 53 79 10 37 43 62 34 20 
61 79 41 78 84 11 4 21 63 96 49 5 57 44 59 65 74 63 88 89 33 14 4 44 37 28 8 85 14 67 
10 0 59 8 51 63 95 78 6 20 36 69 98 7 9 16 25 92 77 17 60 82 73 19 90 33 21 10 6 70 
24 90 41 84 40 95 42 78 54 21 9 76 51 54 33 10 28 17 34 62 3 75 63 10 9 61 25 19 76 39 
45 72 64 77 66 22 59 28 72 25 77 27 61 80 31 52 11 77 44 19 28 44 31 90 46 34 68 34 37 89 
26 54 52 89 46 78 84 56 68 74 33 75 51 43 20 65 47 94 80 89 5 97 14 3 37 94 95 84 50 84 
64 74 41 28 43 36 8 46 56 19 19 80 54 65 38 68 56 7 18 40 70 43 87 35 56 92 97 99 32 57 
30 12 57 44 39 60 15 43 12 41 3 37 60 73 0 1 75 55 49 24 13 82 98 57 86 18 81 60 85 97 
15 14 53 76 76 13 88 82 54 61 40 26 7 30 40 59 71 54 69 13 90 76 48 39 70 61 24 38 77 46 
73 59 38 87 42 85 92 39 3 52 32 55 1 70 10 7 6 25 5 63 3 6 80 65 87 60 72 6 44 90 
92 80 32 36 29 75 88 6 89 19 48 61 6 9 26 45 18 71 3 36 73 35 32 51 34 37 45 27 82 59 
15 75 37 88 30 58 55 40 61 59 59 94 36 28 20 23 69 31 95 17 73 39 85 43 86 21 74 76 82 48 
59 4 28 97 80 85 35 37 16 17 0 19 6 46 28 2 2 14 8 8 66 32 59 57 84 29 67 44 36 13 
8 61 52 42 97 67 54 78 14 62 51 4 20 15 47 1 33 62 67 19 45 65 19 95 0 97 51 99 51 1 
66 19 84 35 94 91 61 99 51 69 31 3 33 68 9 33 8 26 9 17 17 88 4 93 1 77 36 42 3 30 
88 29 20 6 14 70 2 88 80 13 23 50 49 10 70 42 27 11 25 30 61 4 39 91 34 88 21 43 3 57 
91 63 0 21 65 30 56 92 83 85 41 31 86 6 28 11 9 27 10 43 46 64 46 91 5 15 5 52 48 48 
38 87 4 9 83 21 81 88 12 59 28 52 51 83 14 13 29 15 30 93 64 77 32 23 65 75 75 63 15 91 
14 40 73 54 65 43 8 31 57 21 36 59 12 77 42 2 44 40 10 11 50 72 73 17 52 41 71 85 93 56 
79 16 9 59 42 62 35 10 17 6 94 10 27 8 99 64 69 26 71 50 28 68 23 70 90 21 86 98 63 77 
90 33 42 40 87 38 75 94 10 20 27 57 2 80 35 54 38 34 12 97 55 94 37 32 36 54 44 0 27 13 
90 36 82 47 68 86 60 1 2 13 22 53 29 48 4 97 58 72 64 27 72 63 14 20 91 32 16 62 37 23 
78 48 49 81 73 72 46 76 2 64 50 62 38 53 85 98 34 69 42 70 96 98 74 76 27 64 43 75 23 97 
43 11 51 10 84 56 51 98 89 41 50 38 46 61 63 33 32 83 36 46 81 82 41 20 69 92 36 58 42 47 
54 32 12 41 73 43 91 37 91 31 31 15 99 22 13 14 36 73 81 31 65 23 19 74 92 84 27 73 42 22 
37 16 41 4 66 43 78 38 10 30 52 94 33 35 6 10 76 1 33 19 16 26 87 34 46 41 28 98 46 85 
8 71 76 28 53 20 99 5 14 25 33 69 81 30 77 47 89 88 55 84 65 87 93 5 78 57 2 9 12 86 
44 99 56 13 4 8 95 51 81 67 37 78 99 19 11 96 69 97 28 34 71 4 80 57 44 63 28 10 77 31 
95 90 65 89 73 45 65 63 7 38 55 23 16 13 94 74 59 69 38 38 61 16 42 81 62 79 72 47 35 56 
5 92 13 70 74 37 3 59 2 78 66 88 35 25 31 86 56 60 31 40 37 28 91 98 84 16 29 67 56 58 
8 98 74 6 89 0 61 26 52 38 56 18 84 76 12 76 72 99 67 28 15 19 43 30 79 34 13 87 37 5 
45 55 69 82 15 16 30 76 39 47 87 57 66 27 9 42 48 36 39 93 62 64 89 35 56 9 48 69 42 56 
78 42 65 48 50 97 12 95 30 8 45 93 38 84 71 30 26 96 79 20 46 52 22 79 14 30 98 38 81 43 
84 61 79 97 13 5 92 74 95 48 69 23 39 64 92 78 6 32 55 14 15 96 15 4 75 17 38 67 17 93 
23 86 49 21 3 54 60 47 50 83 42 5 14 67 3 63 1 91 7 16 51 38 39 88 81 16 1 50 94 24 
82 54 79 21 46 35 49 64 52 48 88 41 81 30 16 2 46 98 75 68 6 45 8 79 6 73 88 0 25 81 
4 97 87 7 16 64 83 81 52 46 6 41 82 5 88 15 13 7 96 83 86 44 35 64 53 15 48 85 93 8 
23 40 72 99 49 42 62 21 65 18 82 87 14 9 17 72 86 81 28 79 8 34 66 49 24 94 50 89 67 11 
62 37 19 91 90 60 9 55 5 93 97 83 48 39 41 94 92 86 49 79 72 32 59 74 11 2 2 38 98 15 
40 93 73 22 83 24 36 28 30 45 93 71 81 93 92 24 26 89 15 29 98 92 39 96 50 30 74 16 95 79 
35 71 17 28 15 45 36 59 74 67 99 16 38 39 18 45 92 28 80 43 4 28 1 29 12 21 4 34 72 98 
30 78 31 3 22 68 87 26 48 49 52 59 28 78 11 74 9 17 64 6 88 61 90 49 78 31 58 70 69 22 
81 43 29 77 94 24 52 20 1 30 35 72 7 2 50 43 43 42 51 65 58 82 11 2 15 3 95 68 30 28 
16 36 38 41 16 98 68 16 78 43 78 64 62 39 59 14 24 31 28 6 40 25 60 42 78 78 30 43 65 41 
68 93 39 20 42 74 10 41 33 25 42 55 49 74 45 90 16 27 29 65 19 17 72 12 93 45 98 58 98 62 
53 78 96 83 56 25 53 15 31 88 3 68 64 24 60 53 45 93 72 93 71 72 32 21 40 23 17 14 47 64 
92 99 71 39 27 31 8 7 90 31 97 98 31 26 33 77 64 32 73 49 5 78 77 85 43 54 35 33 24 39 
80 73 99 30 78 12 56 89 60 26 36 79 23 12 3 48 14 92 26 86 89 86 80 67 0 40 88 46 49 96 
46 79 21 19 14 78 82 17 69 26 99 45 33 11 23 49 44 52 44 5 22 34 0 61 50 63 13 80 65 18 
69 48 48 58 71 87 43 5 42 1 32 27 38 33 83 68 12 9 12 20 35 4 41 33 63 64 49 85 15 52 
32 84 82 2 34 68 2 19 4 18 63 43 2 94 12 66 51 85 0 70 3 4 70 33 80 87 82 13 3 69 
27 6 10 49 75 52 40 71 60 11 25 63 97 50 19 49 78 21 62 89 97 93 47 22 9 91 47 37 11 53 
19 69 95 99 79 12 31 72 42 91 66 13 47 31 49 60 10 28 18 82 2 99 10 15 12 59 83 31 64 70 
51 64 92 57 88 90 80 63 32 16 50 23 12 33 20 53 68 39 89 86 39 36 18 27 48 55 1 67 96 60 
61 15 52 52 3 19 96 46 16 84 60 16 8 28 65 28 4 3 53 84 52 94 67 76 18 75 14 10 53 67 
27 42 80 41 12 52 18 61 36 35 50 50 93 86 0 35 64 16 74 98 53 23 86 42 57 0 70 40 12 58 
42 45 27 93 73 61 79 33 91 5 47 34 7 27 10 17 43 38 25 64 11 97 63 9 61 34 82 9 5 9 
45 56 80 54 22 85 5 29 47 88 60 92 90 21 71 74 86 82 90 0 32 98 9 0 29 31 33 95 43 10 
14 63 12 41 13 18 10 46 50 43 61 45 49 77 52 80 89 42 97 33 33 52 47 96 75 50 42 2 45 64 
61 15 47 73 12 30 24 23 63 55 95 41 12 58 69 36 41 0 69 76 15 0 95 90 3 91 25 32 44 69 
26 0 83 39 17 4 43 20 32 25 28 50 34 4 41 13 17 58 91 74 77 9 11 96 40 78 9 73 84 73 
26 6 88 77 77 3 99 12 1 85 91 48 22 20 76 57 37 23 73 53 57 1 43 71 56 11 64 48 43 84 
92 44 24 17 34 86 38 33 25 47 78 83 91 80 38 12 40 63 38 34 8 45 18 82 57 80 18 15 1 99 
61 22 97 54 27 37 49 38 80 59 93 49 69 47 60 81 42 25 54 32 30 20 74 78 79 27 70 49 64 60 
20 95 89 40 59 60 69 30 5 58 43 16 58 52 64 94 59 72 74 14 60 14 47 84 13 12 64 46 94 82 
58 74 27 71 30 43 49 55 34 89 61 89 91 42 37 80 52 19 87 47 45 88 7 99 71 59 49 23 25 56 
1 75 65 67 62 25 56 95 48 80 54 37 59 94 10 83 8 51 22 94 78 64 42 12 60 23 34 9 96 5 
33 80 26 18 47 29 5 26 17 11 50 13 9 28 31 49 10 87 12 76 59 76 3 49 25 4 89 62 17 27 
51 71 86 43 61 90 64 29 66 9 34 63 57 78 29 44 93 49 25 8 47 55 49 97 66 94 27 38 81 35 
45 35 97 49 4 77 65 65 76 15 96 73 0 76 85 39 89 98 45 6 10 3 75 83 74 71 12 61 53 41 
29 2 98 86 5 85 30 16 51 8 38 16 80 90 84 32 58 4 17 31 77 51 47 36 18 46 17 91 17 77 
84 98 40 67 98 60 31 42 32 1 0 77 9 39 38 94 29 64 14 22 87 15 61 30 39 75 59 23 57 30 
95 36 74 45 31 75 20 70 16 99 99 77 47 20 41 73 27 89 48 64 99 83 20 52 57 6 14 92 42 84 
72 41 97 0 48 74 28 14 86 58 88 55 47 94 93 80 87 85 41 45 31 75 72 22 89 73 11 61 21 63 
70 92 41 56 8 99 7 32 72 12 66 93 60 24 11 6 99 91 0 22 8 1 38 97 3 14 13 38 54 93 
35 71 11 2 37 87 51 28 25 22 12 43 79 76 32 37 52 71 85 78 27 10 93 60 7 84 70 76 59 38 
4 16 53 1 90 62 36 25 81 51 49 99 8 19 91 39 90 45 56 55 33 61 17 57 96 95 44 44 66 71 
44 94 65 64 97 46 96 10 8 43 95 98 99 74 32 97 18 40 4 12 29 25 86 48 18 48 55 45 34 41 
92 98 34 54 25 87 10 0 76 79 26 90 20 68 70 13 67 76 26 70 32 22 2 54 49 44 73 50 41 16 
30 93 62 3 40 99 60 51 61 64 41 92 57 97 22 25 28 37 6 95 25 48 17 76 30 20 86 43 26 7 
63 83 63 72 99 73 25 38 31 40 39 43 61 64 70 76 3 2 14 19 53 38 77 23 89 92 92 5 24 32 
18 45 66 85 34 7 38 37 0 9 85 56 61 47 66 5 31 16 1 97 43 91 24 30 91 73 62 4 87 97 
48 91 91 70 30 31 21 78 25 65 22 81 55 18 65 90 50 15 3 87 88 78 2 36 44 38 26 8 38 64 
42 87 8 90 82 65 71 96 71 22 16 70 98 53 61 60 11 92 65 85 51 38 74 78 53 94 52 71 86 64 
3 42 3 72 10 93 30 94 41 21 9 32 80 9 85 52 7 36 84 77 26 1 34 98 5 97 30 58 95 80 
28 11 31 24 44 54 26 57 68 3 30 18 30 54 95 78 85 37 85 16 94 72 7 39 14 76 60 5 40 77 
32 60 54 46 80 14 59 37 85 28 32 14 60 62 4 87 50 18 52 94 70 87 71 12 45 70 48 62 58 37 
66 54 34 46 15 95 96 33 66 33 80 48 53 31 91 97 74 88 47 10 86 40 27 53 72 34 37 53 92 22 

1946 2530 1814 312 1494 1336 1636 1914 252 1575 1718 214 687 1985 791 2357 2624 1103 1676 2271 2561 220 935 1577 1935 1344 1436 1194 2237 1909 

11764 8827 4714 7394 5596 15644 21195 27531 19887 9274 19182 22785 21733 13701 22557 24065 25308 20554 24205 21222 3895 23444 21300 26684 1921 16767 20937 20503 25818 23160 