90
30

43 85 28 7 47 72 86 27 92 73 72 20 5 41 47 80 92 6 67 25 67 24 22 34 60 10 67 93 15 28 
0 43 87 49 26 10 12 11 24 42 92 22 86 73 15 99 9 26 31 39 63 89 22 60 47 39 47 56 27 4 
68 56 5 81 57 84 68 49 64 58 17 43 90 70 68 98 82 40 78 48 67 39 54 57 77 23 19 21 25 9 
58 57 60 8 82 73 83 78 55 80 13 67 91 3 49 71 12 91 42 2 16 26 84 63 15 1 85 74 23 6 
89 72 4 37 48 9 30 23 55 11 87 40 5 59 45 49 46 22 62 77 22 42 8 43 28 64 22 73 35 44 
22 72 43 86 59 59 75 98 71 44 26 56 64 47 24 23 49 60 65 61 11 12 31 35 64 88 7 84 46 3 
55 31 47 54 4 38 65 68 68 34 52 52 7 76 82 95 88 13 51 74 2 71 99 80 65 72 16 54 88 59 
60 5 5 97 7 39 98 53 11 39 42 89 42 68 73 28 38 62 52 54 68 81 66 75 15 96 7 60 20 40 
0 17 34 67 83 74 82 70 64 2 35 78 98 58 34 16 58 62 25 3 5 34 93 26 75 38 96 5 26 26 
56 49 34 77 35 61 22 62 27 45 51 96 24 17 21 48 43 27 57 17 35 54 75 11 92 10 58 67 30 81 
74 13 26 87 40 51 32 38 92 26 68 17 18 89 13 21 83 86 9 36 27 27 61 29 25 10 4 87 56 14 
49 27 94 79 58 67 31 44 88 26 98 98 7 92 37 77 85 83 44 16 96 82 84 18 92 23 51 21 42 67 
19 69 36 77 10 3 0 6 78 52 67 36 81 79 19 32 88 99 74 27 46 98 90 10 8 7 14 12 89 4 
92 13 10 68 24 94 34 78 26 25 16 64 32 56 20 36 50 55 66 34 59 6 20 10 1 68 36 3 15 48 
9 85 13 45 2 86 91 71 65 16 33 51 38 61 43 57 26 4 23 30 72 6 69 2 82 47 62 9 70 9 
79 65 16 56 39 35 79 43 66 30 86 46 41 14 2 15 60 86 49 84 32 83 22 79 81 28 33 21 30 93 
70 18 90 78 54 79 76 13 37 99 26 24 67 13 93 50 23 92 39 71 74 46 45 96 41 60 22 25 62 63 
86 82 59 17 29 80 0 79 4 60 80 58 94 34 65 81 56 0 78 49 36 22 21 25 4 3 66 98 65 66 
42 17 33 44 19 85 77 42 67 53 75 15 27 64 46 72 20 29 21 7 6 35 6 26 49 24 23 95 44 85 
33 52 32 49 97 50 93 91 11 19 7 62 18 70 4 5 1 79 60 55 2 23 7 93 2 49 50 15 92 15 
34 53 97 14 78 39 31 79 88 99 9 42 4 34 31 71 51 11 32 26 99 74 35 0 40 56 74 40 52 34 
72 64 4 80 77 12 13 86 8 11 68 64 45 22 80 67 90 21 17 53 56 14 36 18 82 99 26 50 72 24 
20 87 98 94 34 82 41 38 52 4 24 33 60 33 95 53 94 23 40 75 63 46 41 73 57 35 27 83 49 95 
44 9 56 45 80 15 17 21 4 10 1 27 2 36 52 46 30 5 38 34 2 44 60 46 3 63 33 91 77 20 
50 99 37 81 95 48 99 90 53 97 33 80 47 4 86 16 92 33 20 28 43 97 70 95 92 51 5 73 22 71 
64 83 34 66 96 5 10 3 11 37 56 56 39 27 67 1 42 73 89 19 36 55 74 76 12 47 50 1 59 24 
66 73 41 51 66 91 63 27 9 81 46 28 50 84 85 60 21 4 63 12 15 20 44 94 31 5 68 76 41 80 
28 64 95 17 87 5 72 60 81 72 38 26 5 92 69 11 82 17 57 13 63 44 0 44 10 37 54 82 53 10 
79 12 20 72 24 37 4 33 38 54 91 46 76 43 65 10 60 6 86 68 7 48 80 82 37 91 0 53 15 75 
54 36 90 65 92 56 54 85 15 26 12 43 29 32 40 9 76 18 78 84 7 11 92 42 76 46 79 53 75 91 
23 16 32 91 11 47 52 54 72 31 70 82 3 91 35 95 81 66 59 9 93 99 98 73 15 51 36 59 40 16 
98 81 23 6 22 70 91 11 54 35 51 60 39 1 81 53 42 80 89 23 11 29 82 50 65 12 68 42 67 51 
95 56 27 32 97 15 32 21 89 50 1 96 50 77 19 90 76 79 86 9 87 58 3 77 34 76 58 17 27 5 
2 54 81 43 21 31 62 77 44 46 75 99 45 64 14 2 26 58 79 7 98 86 35 13 76 11 52 60 80 2 
56 43 96 7 93 37 38 47 71 94 12 5 30 38 85 95 73 73 5 21 43 71 10 94 29 0 48 39 45 24 
79 17 2 77 28 51 91 92 31 29 12 36 64 10 45 85 70 77 44 46 19 99 82 95 51 96 2 98 9 27 
36 36 52 36 2 48 0 35 92 54 54 3 11 41 2 27 23 5 97 25 30 93 58 17 69 95 48 34 20 51 
22 95 58 4 47 66 74 9 37 10 77 61 59 76 28 11 2 79 79 0 11 86 19 4 34 4 40 81 27 31 
89 72 24 16 56 79 57 42 27 36 89 33 86 42 97 37 60 19 12 42 36 19 6 35 86 85 83 94 91 54 
14 88 46 42 26 19 85 54 26 31 51 18 28 65 21 20 17 51 41 3 55 48 31 49 24 78 91 60 64 26 
79 6 31 87 69 7 11 89 11 64 44 27 27 62 49 73 45 9 65 65 37 68 24 83 10 23 56 49 81 71 
59 43 23 24 0 88 69 81 36 64 11 86 52 55 17 94 73 27 81 16 87 5 55 87 91 86 31 13 40 13 
87 75 75 93 0 85 40 33 93 46 32 36 72 39 38 70 73 56 42 2 14 39 28 76 35 1 96 54 62 36 
65 65 29 49 41 29 52 59 71 42 25 50 4 53 95 86 39 55 30 6 21 79 88 70 30 64 52 15 56 37 
82 48 66 29 10 85 10 9 79 8 8 16 85 9 28 18 88 30 39 26 11 21 2 43 11 92 35 34 20 6 
60 39 81 51 27 57 21 93 58 94 43 87 67 34 27 7 56 88 73 17 73 24 23 94 96 82 50 79 80 31 
87 13 71 20 62 85 82 35 37 99 85 52 66 41 62 56 42 92 12 74 81 35 22 25 62 36 41 92 32 0 
5 79 37 46 25 94 36 36 11 75 21 49 15 53 33 9 4 21 59 83 93 43 55 15 17 30 6 75 95 70 
47 14 46 82 90 82 31 29 26 29 45 19 20 4 94 75 87 22 5 49 41 64 72 16 48 30 36 72 22 56 
44 21 45 73 37 24 2 62 72 49 67 34 60 40 69 42 92 98 35 4 73 38 85 87 93 69 25 93 8 14 
61 41 93 53 37 21 12 69 66 97 5 33 3 61 85 41 86 60 3 7 43 68 16 65 28 70 74 32 62 63 
7 47 62 9 73 78 95 95 2 60 9 66 60 12 90 64 94 53 79 69 43 94 38 24 39 90 41 0 7 91 
45 38 59 94 47 58 37 15 52 22 37 19 96 11 39 76 96 38 9 38 38 1 53 52 8 69 47 51 30 30 
56 85 71 60 35 6 28 1 62 85 2 24 47 50 26 46 21 65 97 19 4 88 42 3 98 82 4 96 42 63 
38 80 60 9 48 12 57 63 98 69 50 16 0 13 57 34 35 49 54 77 84 88 99 22 53 40 63 88 35 89 
26 25 45 38 31 12 96 20 94 77 41 10 24 40 60 95 93 34 96 66 63 63 54 67 61 91 21 93 61 78 
72 24 99 14 64 59 55 99 45 51 65 89 22 90 32 92 60 66 79 91 14 12 44 30 20 20 9 77 83 61 
24 68 48 70 57 86 46 64 90 27 37 17 35 67 97 91 44 13 38 16 37 27 35 66 69 39 3 52 8 89 
58 60 11 74 56 86 99 76 79 44 68 11 22 69 19 13 3 12 55 50 92 27 89 42 38 76 80 5 35 12 
72 66 55 24 4 20 49 25 18 1 84 54 95 17 64 1 82 55 66 72 82 53 81 72 52 17 38 57 96 98 
59 91 64 78 66 3 5 34 43 33 8 57 20 18 50 70 37 50 33 53 98 3 68 77 26 17 45 13 87 92 
7 45 30 22 94 25 71 65 43 49 13 45 61 19 82 27 86 46 26 96 35 95 96 58 75 82 9 20 84 70 
73 30 77 23 14 79 22 34 35 95 70 0 96 93 67 41 99 38 29 76 27 59 94 1 43 4 93 32 70 33 
82 6 17 87 45 69 87 79 55 65 9 95 61 32 90 96 14 58 39 78 77 49 46 2 69 19 7 28 34 97 
15 96 54 23 81 47 20 70 35 82 50 4 31 84 13 88 54 69 91 85 3 37 4 6 1 32 64 26 44 32 
31 49 6 46 10 99 58 61 89 71 57 90 12 72 22 98 48 22 7 17 82 15 30 76 57 42 21 94 34 30 
95 36 43 69 69 8 60 93 81 48 8 71 62 46 94 13 92 92 11 89 29 39 71 22 93 21 54 8 44 80 
80 69 86 78 53 39 90 2 12 43 16 91 9 21 70 35 96 7 35 36 71 49 63 24 41 60 4 67 89 11 
23 21 54 10 30 12 65 47 16 39 72 67 66 45 98 31 12 86 70 59 33 19 20 69 11 55 72 62 6 74 
29 9 17 91 55 49 27 10 8 85 54 23 47 64 70 28 52 63 30 70 13 7 53 44 74 16 36 7 44 39 
84 70 13 19 0 7 31 13 60 59 34 52 74 50 39 11 3 27 23 33 76 98 73 16 46 36 70 68 62 45 
35 85 54 52 55 9 54 27 77 57 0 68 20 48 6 6 51 66 76 97 36 15 15 26 45 83 51 32 72 1 
75 30 20 73 70 81 42 4 74 52 38 68 4 58 63 81 40 72 82 64 36 58 91 33 21 50 72 32 93 91 
65 2 20 12 75 52 22 87 35 82 65 24 8 61 15 70 86 62 27 21 32 23 65 0 58 71 80 8 47 21 
82 86 58 58 6 34 72 56 36 68 67 79 44 30 26 81 60 61 36 7 81 17 97 40 82 77 84 63 88 83 
10 32 14 9 85 63 99 33 83 95 73 88 45 80 36 96 84 3 54 7 81 37 74 15 74 90 42 12 87 1 
52 98 50 82 73 66 0 14 30 35 78 60 31 77 49 31 81 91 20 32 97 99 14 77 42 66 57 29 35 96 
60 29 93 18 6 14 26 85 83 16 87 60 25 22 44 36 35 28 27 28 19 2 76 46 52 57 80 10 38 92 
87 86 69 49 37 51 62 3 27 8 38 74 22 21 90 31 80 28 30 24 34 60 18 76 62 75 33 12 43 80 
8 94 62 5 53 13 27 47 53 52 16 95 91 2 46 22 40 16 45 88 34 25 72 84 0 49 15 29 22 82 
50 2 56 30 56 46 24 33 13 97 62 95 20 22 91 16 33 60 38 88 80 16 22 94 24 36 97 43 77 69 
5 11 78 92 71 75 5 68 68 71 57 38 20 94 51 84 12 38 16 22 45 35 64 78 41 48 82 99 90 12 
78 72 91 48 68 62 39 83 79 95 46 48 33 44 7 43 6 93 50 93 89 89 23 28 8 9 14 56 50 94 
7 38 36 34 15 45 17 11 45 88 84 22 90 35 24 34 51 65 69 77 26 13 9 35 30 13 62 12 34 46 
42 86 25 33 51 67 32 62 89 36 71 2 61 8 7 62 26 70 29 10 11 82 83 34 91 25 23 20 11 54 
70 97 83 82 71 40 11 1 23 62 4 21 99 20 90 81 77 12 45 55 65 62 86 72 87 95 14 17 60 57 
75 73 64 44 11 31 18 31 90 81 92 12 46 46 10 14 83 36 52 21 97 33 32 32 37 25 31 41 14 58 
93 12 13 70 31 78 72 26 90 6 48 73 66 83 59 81 82 36 92 34 59 82 10 92 54 61 91 40 26 23 
93 93 76 51 17 17 58 44 26 98 57 96 30 56 96 54 46 89 92 20 1 5 0 42 23 62 0 19 62 32 
11 95 9 53 60 23 15 51 8 40 40 25 39 63 68 29 55 6 75 25 15 76 32 45 47 3 86 15 88 8 

2 80 98 74 0 17 94 41 89 16 95 96 95 7 27 26 27 16 31 88 74 18 71 53 2 36 90 41 19 16 
13 15 73 37 96 25 94 30 69 17 83 17 15 56 16 95 3 23 23 17 43 84 55 64 43 36 37 87 90 99 
92 85 79 84 69 28 58 62 10 55 71 31 52 2 14 40 32 36 37 10 51 6 53 79 10 37 43 62 34 20 
61 79 41 78 84 11 4 21 63 96 49 5 57 44 59 65 74 63 88 89 33 14 4 44 37 28 8 85 14 67 
10 0 59 8 51 63 95 78 6 20 36 69 98 7 9 16 25 92 77 17 60 82 73 19 90 33 21 10 6 70 
24 90 41 84 40 95 42 78 54 21 9 76 51 54 33 10 28 17 34 62 3 75 63 10 9 61 25 19 76 39 
45 72 64 77 66 22 59 28 72 25 77 27 61 80 31 52 11 77 44 19 28 44 31 90 46 34 68 34 37 89 
26 54 52 89 46 78 84 56 68 74 33 75 51 43 20 65 47 94 80 89 5 97 14 3 37 94 95 84 50 84 
64 74 41 28 43 36 8 46 56 19 19 80 54 65 38 68 56 7 18 40 70 43 87 35 56 92 97 99 32 57 
30 12 57 44 39 60 15 43 12 41 3 37 60 73 0 1 75 55 49 24 13 82 98 57 86 18 81 60 85 97 
15 14 53 76 76 13 88 82 54 61 40 26 7 30 40 59 71 54 69 13 90 76 48 39 70 61 24 38 77 46 
73 59 38 87 42 85 92 39 3 52 32 55 1 70 10 7 6 25 5 63 3 6 80 65 87 60 72 6 44 90 
92 80 32 36 29 75 88 6 89 19 48 61 6 9 26 45 18 71 3 36 73 35 32 51 34 37 45 27 82 59 
15 75 37 88 30 58 55 40 61 59 59 94 36 28 20 23 69 31 95 17 73 39 85 43 86 21 74 76 82 48 
59 4 28 97 80 85 35 37 16 17 0 19 6 46 28 2 2 14 8 8 66 32 59 57 84 29 67 44 36 13 
8 61 52 42 97 67 54 78 14 62 51 4 20 15 47 1 33 62 67 19 45 65 19 95 0 97 51 99 51 1 
66 19 84 35 94 91 61 99 51 69 31 3 33 68 9 33 8 26 9 17 17 88 4 93 1 77 36 42 3 30 
88 29 20 6 14 70 2 88 80 13 23 50 49 10 70 42 27 11 25 30 61 4 39 91 34 88 21 43 3 57 
91 63 0 21 65 30 56 92 83 85 41 31 86 6 28 11 9 27 10 43 46 64 46 91 5 15 5 52 48 48 
38 87 4 9 83 21 81 88 12 59 28 52 51 83 14 13 29 15 30 93 64 77 32 23 65 75 75 63 15 91 
14 40 73 54 65 43 8 31 57 21 36 59 12 77 42 2 44 40 10 11 50 72 73 17 52 41 71 85 93 56 
79 16 9 59 42 62 35 10 17 6 94 10 27 8 99 64 69 26 71 50 28 68 23 70 90 21 86 98 63 77 
90 33 42 40 87 38 75 94 10 20 27 57 2 80 35 54 38 34 12 97 55 94 37 32 36 54 44 0 27 13 
90 36 82 47 68 86 60 1 2 13 22 53 29 48 4 97 58 72 64 27 72 63 14 20 91 32 16 62 37 23 
78 48 49 81 73 72 46 76 2 64 50 62 38 53 85 98 34 69 42 70 96 98 74 76 27 64 43 75 23 97 
43 11 51 10 84 56 51 98 89 41 50 38 46 61 63 33 32 83 36 46 81 82 41 20 69 92 36 58 42 47 
54 32 12 41 73 43 91 37 91 31 31 15 99 22 13 14 36 73 81 31 65 23 19 74 92 84 27 73 42 22 
37 16 41 4 66 43 78 38 10 30 52 94 33 35 6 10 76 1 33 19 16 26 87 34 46 41 28 98 46 85 
8 71 76 28 53 20 99 5 14 25 33 69 81 30 77 47 89 88 55 84 65 87 93 5 78 57 2 9 12 86 
44 99 56 13 4 8 95 51 81 67 37 78 99 19 11 96 69 97 28 34 71 4 80 57 44 63 28 10 77 31 
95 90 65 89 73 45 65 63 7 38 55 23 16 13 94 74 59 69 38 38 61 16 42 81 62 79 72 47 35 56 
5 92 13 70 74 37 3 59 2 78 66 88 35 25 31 86 56 60 31 40 37 28 91 98 84 16 29 67 56 58 
8 98 74 6 89 0 61 26 52 38 56 18 84 76 12 76 72 99 67 28 15 19 43 30 79 34 13 87 37 5 
45 55 69 82 15 16 30 76 39 47 87 57 66 27 9 42 48 36 39 93 62 64 89 35 56 9 48 69 42 56 
78 42 65 48 50 97 12 95 30 8 45 93 38 84 71 30 26 96 79 20 46 52 22 79 14 30 98 38 81 43 
84 61 79 97 13 5 92 74 95 48 69 23 39 64 92 78 6 32 55 14 15 96 15 4 75 17 38 67 17 93 
23 86 49 21 3 54 60 47 50 83 42 5 14 67 3 63 1 91 7 16 51 38 39 88 81 16 1 50 94 24 
82 54 79 21 46 35 49 64 52 48 88 41 81 30 16 2 46 98 75 68 6 45 8 79 6 73 88 0 25 81 
4 97 87 7 16 64 83 81 52 46 6 41 82 5 88 15 13 7 96 83 86 44 35 64 53 15 48 85 93 8 
23 40 72 99 49 42 62 21 65 18 82 87 14 9 17 72 86 81 28 79 8 34 66 49 24 94 50 89 67 11 
62 37 19 91 90 60 9 55 5 93 97 83 48 39 41 94 92 86 49 79 72 32 59 74 11 2 2 38 98 15 
40 93 73 22 83 24 36 28 30 45 93 71 81 93 92 24 26 89 15 29 98 92 39 96 50 30 74 16 95 79 
35 71 17 28 15 45 36 59 74 67 99 16 38 39 18 45 92 28 80 43 4 28 1 29 12 21 4 34 72 98 
30 78 31 3 22 68 87 26 48 49 52 59 28 78 11 74 9 17 64 6 88 61 90 49 78 31 58 70 69 22 
81 43 29 77 94 24 52 20 1 30 35 72 7 2 50 43 43 42 51 65 58 82 11 2 15 3 95 68 30 28 
16 36 38 41 16 98 68 16 78 43 78 64 62 39 59 14 24 31 28 6 40 25 60 42 78 78 30 43 65 41 
68 93 39 20 42 74 10 41 33 25 42 55 49 74 45 90 16 27 29 65 19 17 72 12 93 45 98 58 98 62 
53 78 96 83 56 25 53 15 31 88 3 68 64 24 60 53 45 93 72 93 71 72 32 21 40 23 17 14 47 64 
92 99 71 39 27 31 8 7 90 31 97 98 31 26 33 77 64 32 73 49 5 78 77 85 43 54 35 33 24 39 
80 73 99 30 78 12 56 89 60 26 36 79 23 12 3 48 14 92 26 86 89 86 80 67 0 40 88 46 49 96 
46 79 21 19 14 78 82 17 69 26 99 45 33 11 23 49 44 52 44 5 22 34 0 61 50 63 13 80 65 18 
69 48 48 58 71 87 43 5 42 1 32 27 38 33 83 68 12 9 12 20 35 4 41 33 63 64 49 85 15 52 
32 84 82 2 34 68 2 19 4 18 63 43 2 94 12 66 51 85 0 70 3 4 70 33 80 87 82 13 3 69 
27 6 10 49 75 52 40 71 60 11 25 63 97 50 19 49 78 21 62 89 97 93 47 22 9 91 47 37 11 53 
19 69 95 99 79 12 31 72 42 91 66 13 47 31 49 60 10 28 18 82 2 99 10 15 12 59 83 31 64 70 
51 64 92 57 88 90 80 63 32 16 50 23 12 33 20 53 68 39 89 86 39 36 18 27 48 55 1 67 96 60 
61 15 52 52 3 19 96 46 16 84 60 16 8 28 65 28 4 3 53 84 52 94 67 76 18 75 14 10 53 67 
27 42 80 41 12 52 18 61 36 35 50 50 93 86 0 35 64 16 74 98 53 23 86 42 57 0 70 40 12 58 
42 45 27 93 73 61 79 33 91 5 47 34 7 27 10 17 43 38 25 64 11 97 63 9 61 34 82 9 5 9 
45 56 80 54 22 85 5 29 47 88 60 92 90 21 71 74 86 82 90 0 32 98 9 0 29 31 33 95 43 10 
14 63 12 41 13 18 10 46 50 43 61 45 49 77 52 80 89 42 97 33 33 52 47 96 75 50 42 2 45 64 
61 15 47 73 12 30 24 23 63 55 95 41 12 58 69 36 41 0 69 76 15 0 95 90 3 91 25 32 44 69 
26 0 83 39 17 4 43 20 32 25 28 50 34 4 41 13 17 58 91 74 77 9 11 96 40 78 9 73 84 73 
26 6 88 77 77 3 99 12 1 85 91 48 22 20 76 57 37 23 73 53 57 1 43 71 56 11 64 48 43 84 
92 44 24 17 34 86 38 33 25 47 78 83 91 80 38 12 40 63 38 34 8 45 18 82 57 80 18 15 1 99 
61 22 97 54 27 37 49 38 80 59 93 49 69 47 60 81 42 25 54 32 30 20 74 78 79 27 70 49 64 60 
20 95 89 40 59 60 69 30 5 58 43 16 58 52 64 94 59 72 74 14 60 14 47 84 13 12 64 46 94 82 
58 74 27 71 30 43 49 55 34 89 61 89 91 42 37 80 52 19 87 47 45 88 7 99 71 59 49 23 25 56 
1 75 65 67 62 25 56 95 48 80 54 37 59 94 10 83 8 51 22 94 78 64 42 12 60 23 34 9 96 5 
33 80 26 18 47 29 5 26 17 11 50 13 9 28 31 49 10 87 12 76 59 76 3 49 25 4 89 62 17 27 
51 71 86 43 61 90 64 29 66 9 34 63 57 78 29 44 93 49 25 8 47 55 49 97 66 94 27 38 81 35 
45 35 97 49 4 77 65 65 76 15 96 73 0 76 85 39 89 98 45 6 10 3 75 83 74 71 12 61 53 41 
29 2 98 86 5 85 30 16 51 8 38 16 80 90 84 32 58 4 17 31 77 51 47 36 18 46 17 91 17 77 
84 98 40 67 98 60 31 42 32 1 0 77 9 39 38 94 29 64 14 22 87 15 61 30 39 75 59 23 57 30 
95 36 74 45 31 75 20 70 16 99 99 77 47 20 41 73 27 89 48 64 99 83 20 52 57 6 14 92 42 84 
72 41 97 0 48 74 28 14 86 58 88 55 47 94 93 80 87 85 41 45 31 75 72 22 89 73 11 61 21 63 
70 92 41 56 8 99 7 32 72 12 66 93 60 24 11 6 99 91 0 22 8 1 38 97 3 14 13 38 54 93 
35 71 11 2 37 87 51 28 25 22 12 43 79 76 32 37 52 71 85 78 27 10 93 60 7 84 70 76 59 38 
4 16 53 1 90 62 36 25 81 51 49 99 8 19 91 39 90 45 56 55 33 61 17 57 96 95 44 44 66 71 
44 94 65 64 97 46 96 10 8 43 95 98 99 74 32 97 18 40 4 12 29 25 86 48 18 48 55 45 34 41 
92 98 34 54 25 87 10 0 76 79 26 90 20 68 70 13 67 76 26 70 32 22 2 54 49 44 73 50 41 16 
30 93 62 3 40 99 60 51 61 64 41 92 57 97 22 25 28 37 6 95 25 48 17 76 30 20 86 43 26 7 
63 83 63 72 99 73 25 38 31 40 39 43 61 64 70 76 3 2 14 19 53 38 77 23 89 92 92 5 24 32 
18 45 66 85 34 7 38 37 0 9 85 56 61 47 66 5 31 16 1 97 43 91 24 30 91 73 62 4 87 97 
48 91 91 70 30 31 21 78 25 65 22 81 55 18 65 90 50 15 3 87 88 78 2 36 44 38 26 8 38 64 
42 87 8 90 82 65 71 96 71 22 16 70 98 53 61 60 11 92 65 85 51 38 74 78 53 94 52 71 86 64 
3 42 3 72 10 93 30 94 41 21 9 32 80 9 85 52 7 36 84 77 26 1 34 98 5 97 30 58 95 80 
28 11 31 24 44 54 26 57 68 3 30 18 30 54 95 78 85 37 85 16 94 72 7 39 14 76 60 5 40 77 
32 60 54 46 80 14 59 37 85 28 32 14 60 62 4 87 50 18 52 94 70 87 71 12 45 70 48 62 58 37 
66 54 34 46 15 95 96 33 66 33 80 48 53 31 91 97 74 88 47 10 86 40 27 53 72 34 37 53 92 22 

4546 4131 5875 3684 3565 5266 2758 1210 5064 4739 6183 3097 3579 2624 1964 4706 5603 4766 5979 1725 2356 2846 5265 1407 5384 4366 2360 1681 5851 3748 

11764 8827 4714 7394 5596 15644 21195 27531 19887 9274 19182 22785 21733 13701 22557 24065 25308 20554 24205 21222 3895 23444 21300 26684 1921 16767 20937 20503 25818 23160 