90
30

44 82 90 32 9 57 20 83 35 25 88 96 24 15 2 86 90 10 8 6 54 53 98 72 48 33 92 61 45 48 
52 66 20 29 60 91 8 84 77 0 13 80 65 65 91 79 31 95 99 2 37 4 94 78 81 73 22 0 28 21 
23 12 72 71 54 81 42 80 95 31 79 86 95 52 64 68 80 1 57 35 14 71 84 91 94 74 86 33 32 82 
8 88 27 21 5 91 56 3 72 63 23 42 48 33 49 97 42 31 97 35 67 27 48 0 10 95 0 42 47 45 
27 30 88 29 31 62 22 29 95 49 87 82 81 25 82 87 52 12 2 13 31 49 68 2 78 67 75 27 94 51 
72 58 65 38 69 40 93 38 18 90 2 69 20 63 92 59 48 50 96 38 95 2 60 32 93 92 38 40 37 74 
91 36 44 75 17 42 4 50 58 70 13 84 68 2 4 9 16 86 91 76 79 56 24 13 46 88 96 35 27 81 
53 4 45 99 16 54 63 21 92 15 57 96 48 28 46 80 69 2 50 18 28 77 15 90 37 94 39 39 56 75 
1 43 78 66 45 10 17 7 95 94 82 22 6 71 87 40 49 28 44 5 26 32 47 16 24 7 33 22 73 22 
76 57 80 72 65 87 16 5 49 2 17 23 72 87 8 68 22 46 52 63 59 61 11 75 14 13 40 16 56 1 
68 95 81 35 43 6 66 74 19 89 87 61 42 14 5 56 51 76 63 75 89 94 37 91 8 59 64 43 7 66 
1 69 32 31 20 64 31 75 32 14 50 34 80 59 95 13 77 4 11 2 46 61 57 21 6 99 59 64 8 34 
82 52 12 90 56 19 65 7 47 0 11 74 42 76 49 30 10 9 28 38 47 70 30 43 13 39 86 64 38 37 
29 70 29 7 80 60 19 68 13 29 51 97 51 1 64 23 90 57 36 34 50 91 6 21 99 63 76 32 0 48 
58 91 86 90 25 10 44 3 85 1 82 1 69 72 97 19 21 46 73 83 29 60 82 29 20 13 58 71 23 79 
68 93 64 9 8 86 60 80 94 75 5 62 16 98 83 23 94 36 52 87 39 3 57 4 12 46 8 23 36 19 
95 48 8 18 42 39 0 7 31 78 65 59 15 9 81 1 41 42 84 35 35 51 4 66 1 23 74 65 73 42 
87 64 92 3 36 24 11 97 39 54 48 8 43 69 36 19 65 95 48 12 8 83 81 14 58 77 51 17 54 42 
6 81 87 69 78 97 69 91 25 66 77 85 33 16 61 48 78 84 83 68 71 8 6 24 39 16 63 95 7 28 
84 59 83 66 36 0 74 77 19 78 77 95 36 11 17 91 2 71 33 16 71 15 38 97 15 83 94 67 56 36 
82 40 46 29 65 43 56 28 63 82 99 25 93 2 17 98 42 64 96 40 83 43 89 35 39 40 72 64 66 42 
45 67 99 80 69 95 2 71 95 31 92 41 20 51 37 72 89 69 63 5 21 88 93 9 20 32 24 88 11 50 
9 86 14 12 92 17 32 30 26 31 22 89 64 79 89 54 7 56 97 98 43 31 5 76 14 77 70 13 4 85 
66 5 18 6 20 49 7 62 60 36 57 18 32 88 48 11 15 12 39 74 60 17 59 98 25 98 85 26 72 92 
51 68 68 72 20 83 91 11 99 67 30 44 2 45 41 17 69 43 4 84 4 11 70 10 96 6 3 74 30 53 
77 86 97 65 48 74 78 59 32 86 34 28 63 17 52 41 90 72 17 75 60 8 9 20 90 18 52 95 13 56 
57 72 63 17 37 96 33 14 93 47 20 15 91 82 33 45 84 56 42 52 40 0 85 1 96 23 60 34 36 50 
76 26 63 14 31 13 25 75 52 75 0 27 4 96 59 10 59 50 62 52 85 63 50 0 81 60 44 6 92 9 
66 96 61 94 29 26 4 6 77 7 28 17 71 43 7 81 38 32 11 81 35 12 29 12 17 53 47 61 69 24 
70 45 73 0 86 0 22 75 31 31 70 88 86 82 14 10 28 75 37 12 5 20 40 36 9 13 73 25 82 62 
20 0 54 2 98 74 18 15 96 42 82 29 41 8 49 93 73 8 37 39 78 58 7 77 97 38 82 86 12 79 
81 98 84 23 76 94 93 69 72 38 91 28 51 47 89 49 37 49 27 85 77 90 95 17 31 90 14 52 30 52 
87 66 40 85 85 49 42 87 20 80 10 0 31 50 56 34 73 85 69 32 92 56 66 97 30 79 39 30 83 30 
56 40 13 32 52 20 79 1 30 5 54 43 45 58 28 40 38 47 14 80 62 2 18 3 95 86 38 79 43 95 
85 38 89 83 66 13 9 76 63 71 94 25 80 38 36 3 79 52 63 44 92 95 33 99 95 75 27 36 84 90 
2 15 84 61 80 16 84 39 1 9 66 16 58 80 93 85 93 52 67 54 17 90 51 78 96 43 43 90 2 82 
44 29 24 47 32 2 4 83 63 31 17 54 54 61 23 55 1 48 72 55 61 30 13 55 93 73 65 33 24 30 
29 13 6 57 64 80 64 80 59 30 62 3 43 25 29 0 61 93 20 31 78 88 16 84 86 12 83 13 49 49 
33 47 93 72 67 74 28 31 5 31 67 7 2 60 66 16 31 90 19 89 79 83 66 61 73 36 93 40 45 27 
59 48 99 58 53 59 37 24 69 49 63 9 72 72 62 0 69 0 33 60 17 95 18 94 38 9 59 24 17 21 
66 33 4 71 91 50 39 25 37 93 88 10 33 85 44 83 84 15 35 31 44 2 46 15 88 94 44 0 87 1 
63 45 93 42 90 35 12 74 57 80 95 9 35 21 96 47 74 8 71 85 45 42 12 78 75 10 50 60 85 31 
54 39 60 3 34 58 21 37 0 50 85 86 56 43 9 19 18 0 78 15 85 86 77 46 17 17 43 96 75 5 
7 27 47 27 59 93 56 76 2 56 31 66 75 59 71 7 56 69 52 66 95 79 52 84 10 35 79 13 64 41 
48 91 6 47 35 72 37 17 91 85 34 48 14 74 51 72 4 55 72 69 36 85 87 80 56 39 20 81 49 30 
24 69 63 16 28 74 75 96 92 82 29 64 18 51 98 97 13 51 29 84 1 43 96 14 39 1 43 1 81 36 
19 96 84 60 25 25 64 24 10 39 47 98 21 85 53 82 64 22 32 78 34 33 34 47 41 27 61 32 21 13 
66 31 14 10 77 48 49 1 58 43 68 59 48 82 81 13 35 36 31 6 55 89 13 84 12 66 68 14 86 66 
58 12 48 78 96 35 12 20 64 73 97 6 62 32 63 55 81 5 61 90 55 71 99 74 75 60 25 14 59 85 
69 0 83 24 95 68 62 3 68 20 6 9 21 17 95 48 87 42 56 9 25 98 24 7 58 79 38 26 10 36 
82 65 90 38 85 71 76 71 45 12 99 45 25 23 16 10 51 17 34 74 1 66 18 98 67 71 97 3 32 90 
53 6 93 96 52 87 16 62 58 37 16 28 33 48 81 66 18 49 3 66 45 84 74 9 33 4 45 88 55 2 
96 2 88 28 30 38 81 59 88 4 6 96 78 84 72 35 45 36 10 27 10 37 83 13 90 64 59 10 56 49 
46 84 82 55 97 35 19 69 27 71 72 92 84 58 75 80 89 69 97 70 23 69 14 92 34 4 29 48 83 90 
35 13 54 15 53 82 13 90 74 83 64 45 3 16 54 12 82 84 32 66 32 49 39 26 46 8 8 8 29 71 
92 1 52 5 41 12 81 60 15 86 91 91 87 7 76 55 76 27 14 29 23 97 52 96 87 82 23 81 39 76 
91 35 70 74 13 20 38 49 50 8 31 46 55 22 17 87 45 82 10 52 18 19 56 89 72 76 43 49 45 22 
83 67 75 34 2 23 61 16 52 55 55 86 37 22 35 21 98 21 28 64 13 15 81 20 99 20 18 94 34 70 
0 61 21 45 4 54 67 42 72 23 63 11 3 98 59 95 88 52 97 50 1 57 40 24 23 71 95 27 25 1 
33 14 63 45 56 77 60 73 47 4 62 33 25 57 10 89 69 77 54 96 3 18 4 11 46 67 1 73 57 0 
42 88 64 85 93 37 15 35 87 62 21 61 80 10 63 83 4 46 91 10 62 48 32 76 36 67 83 12 9 97 
75 82 26 89 97 13 35 19 50 96 91 85 64 45 12 82 79 38 24 99 93 64 24 24 19 77 56 60 4 5 
74 81 11 74 47 78 52 59 21 88 33 42 36 96 52 69 80 46 46 21 20 20 96 40 42 56 26 80 86 16 
57 73 61 31 99 30 85 75 96 13 69 61 63 59 50 41 60 23 40 64 11 91 51 22 65 68 99 93 37 50 
8 53 90 22 72 16 49 57 32 38 47 96 82 69 61 39 19 62 58 80 88 68 94 57 91 63 17 9 68 0 
60 54 65 81 50 40 43 78 42 19 88 71 70 57 49 62 70 76 93 89 19 91 53 55 90 86 20 40 16 51 
5 62 26 65 62 3 82 91 46 23 35 35 67 18 76 77 46 8 59 72 81 45 12 85 0 90 66 97 33 93 
74 15 55 78 89 62 62 14 30 22 90 23 56 76 93 65 29 63 33 90 18 32 54 48 2 74 30 6 62 66 
34 7 52 49 45 67 26 27 92 1 34 57 19 19 9 71 1 41 38 56 59 10 63 65 42 5 58 47 81 2 
92 22 39 5 59 33 92 63 40 47 39 43 35 1 13 21 68 1 37 18 61 23 55 86 31 86 38 16 43 74 
27 43 46 51 73 55 54 74 96 18 56 14 51 12 72 39 90 2 84 3 57 9 7 63 41 53 83 13 95 74 
20 5 76 65 83 90 74 66 42 11 44 2 20 25 35 71 82 36 1 5 79 69 29 68 29 4 23 66 6 72 
28 64 50 69 73 68 38 35 90 89 79 11 9 1 6 80 63 76 1 35 34 40 49 44 31 95 33 3 90 93 
7 90 10 62 94 75 1 20 19 32 80 18 66 72 51 19 8 85 63 75 62 60 14 83 65 30 54 27 71 49 
20 22 18 1 80 38 8 11 76 56 8 86 13 90 57 22 13 76 45 51 29 9 98 14 0 79 69 82 97 48 
42 57 76 58 94 42 32 52 51 45 50 79 59 54 72 82 50 16 28 11 59 94 11 9 39 81 88 37 78 10 
73 82 98 75 6 21 15 57 26 60 77 25 14 58 1 49 48 14 94 42 10 79 15 33 24 0 16 23 11 37 
82 79 3 94 34 79 45 52 81 92 80 5 39 80 91 31 36 38 43 49 87 16 64 52 1 93 42 99 55 82 
36 24 44 9 20 93 97 75 13 6 19 0 74 26 90 15 43 1 39 43 72 92 73 84 77 20 31 3 1 15 
83 81 67 11 2 74 69 31 82 99 18 55 78 37 49 52 80 19 67 39 57 41 59 89 46 21 24 90 40 98 
95 48 25 22 44 77 65 3 6 0 32 17 51 91 30 64 6 7 57 57 94 85 14 62 39 29 49 33 65 85 
87 15 83 93 3 85 43 69 18 79 95 35 38 23 90 21 71 49 8 4 69 76 95 43 5 93 60 44 71 55 
48 46 55 99 83 35 39 32 74 2 17 41 15 13 40 42 2 70 21 60 78 50 62 2 72 87 99 74 79 6 
53 51 3 33 50 98 72 51 53 4 86 57 94 81 53 55 26 29 34 79 22 74 0 44 80 41 68 56 38 2 
64 32 80 16 50 20 1 64 93 11 63 22 63 83 52 49 8 20 33 69 25 8 40 71 21 77 65 78 58 58 
38 25 95 79 91 74 93 1 62 54 44 78 86 85 22 95 70 45 90 14 46 74 95 33 65 36 47 31 58 79 
54 66 88 49 61 47 68 79 21 85 8 31 89 5 37 74 21 76 97 27 20 83 98 89 53 48 10 58 45 83 
99 87 6 23 52 33 65 79 44 13 11 99 39 62 49 38 30 49 50 76 58 6 29 14 72 87 94 63 11 32 
42 99 26 28 96 37 64 91 18 58 2 91 25 87 79 18 9 18 78 47 36 14 52 50 60 38 99 71 96 6 
29 55 29 40 74 5 47 85 35 91 44 11 70 55 10 12 75 76 13 74 89 90 42 72 49 79 67 28 56 73 

46 76 83 21 64 45 52 70 87 88 35 7 99 82 72 77 36 15 21 6 23 56 80 54 27 75 58 9 21 87 
38 41 89 35 96 44 11 26 49 70 14 96 62 91 65 54 28 70 68 45 4 23 62 34 67 89 47 76 24 62 
90 52 88 33 72 79 4 55 91 9 92 29 32 97 30 69 53 89 5 1 72 58 5 0 38 0 16 69 20 64 
62 13 61 74 4 66 62 63 64 82 10 45 66 71 56 76 0 69 8 89 37 64 96 4 78 7 25 39 97 97 
17 94 8 6 23 60 81 87 38 85 79 82 57 4 81 26 61 10 33 1 11 22 31 7 0 77 27 38 80 55 
6 77 67 14 95 64 99 89 91 95 90 84 2 43 10 73 67 25 82 67 86 53 78 22 70 35 53 13 2 23 
49 70 61 20 62 65 57 92 49 3 76 46 18 43 33 82 31 58 80 7 18 9 16 93 64 94 9 4 37 91 
5 18 63 21 5 43 56 78 23 72 70 14 53 52 33 85 23 45 70 80 99 15 25 90 79 69 56 5 74 27 
43 30 83 9 38 63 3 63 60 78 24 67 93 0 11 75 59 78 67 9 60 77 26 96 23 55 28 9 80 93 
69 71 74 94 33 13 78 69 43 8 49 82 86 20 87 6 15 37 27 29 13 80 24 5 86 1 91 42 14 20 
97 62 69 59 44 85 2 76 69 29 39 4 60 0 37 52 54 46 0 10 83 89 55 94 66 38 29 88 70 80 
88 89 3 83 21 67 78 53 81 73 88 49 25 88 87 31 0 65 36 99 78 25 81 51 35 16 79 66 27 18 
63 93 99 83 32 94 48 25 10 84 14 10 94 52 61 97 88 69 99 41 6 12 32 65 88 50 46 42 43 97 
75 57 30 94 94 47 51 2 47 21 89 11 91 21 34 82 30 74 80 0 55 40 78 99 20 68 81 64 28 95 
20 54 94 76 96 90 19 8 65 79 84 95 71 7 51 71 40 94 37 69 44 2 88 5 98 41 71 27 47 12 
67 32 62 82 25 50 45 80 18 72 15 65 4 42 24 88 82 55 30 66 13 32 19 44 17 55 50 88 91 90 
86 55 2 35 5 37 36 59 24 55 34 23 78 67 21 12 29 11 20 97 10 90 9 23 5 88 58 90 54 55 
56 59 7 98 16 19 71 97 15 88 37 98 7 28 65 60 25 10 75 76 48 50 67 76 2 4 65 89 26 91 
65 24 18 92 32 86 45 28 68 56 76 27 52 85 77 31 25 85 79 96 64 25 1 98 80 50 93 40 21 93 
35 17 74 47 1 99 91 9 70 34 90 23 55 69 98 82 82 55 42 50 19 82 8 43 58 54 9 58 4 4 
57 39 98 7 8 39 3 48 28 95 20 41 16 27 13 14 64 49 58 7 37 32 54 39 30 56 50 61 3 60 
82 71 18 57 25 81 30 87 95 60 96 18 76 82 14 12 32 65 99 39 40 68 65 74 67 90 63 33 55 92 
95 35 97 24 9 71 24 36 41 41 22 10 60 92 65 18 34 42 19 31 15 95 61 3 20 86 15 13 54 85 
99 47 6 80 43 46 96 95 3 53 74 21 2 28 95 75 62 42 15 95 6 23 84 55 53 55 27 45 28 40 
58 65 58 60 41 6 36 29 8 37 68 87 0 12 26 2 88 66 91 75 80 69 44 61 38 45 46 47 53 97 
8 59 42 67 54 93 92 45 17 68 32 96 23 78 28 68 60 69 36 5 25 70 39 76 13 66 72 87 68 81 
96 53 34 13 84 30 60 35 36 44 51 61 17 65 72 42 98 9 42 24 47 77 86 6 88 48 11 65 40 94 
46 40 92 92 54 98 72 33 96 8 37 67 23 14 75 27 14 77 91 23 84 18 40 8 42 95 7 32 63 90 
58 71 6 86 14 60 92 67 6 98 31 63 45 96 46 36 76 58 51 59 21 64 72 53 46 64 13 77 65 96 
17 77 3 14 71 60 68 71 46 24 98 89 81 80 95 30 52 39 52 27 79 45 39 55 63 89 6 57 63 22 
15 20 44 68 12 14 64 83 99 5 87 32 67 12 13 70 8 85 0 44 96 93 95 72 31 85 91 38 72 38 
8 31 96 5 37 7 83 51 6 57 85 10 57 6 48 16 40 71 91 95 71 72 63 11 94 54 20 11 61 69 
6 2 11 32 34 68 15 46 77 1 15 63 44 2 74 15 83 91 26 53 39 10 69 51 67 24 70 88 64 55 
52 5 83 86 84 85 39 43 19 40 13 27 9 59 25 62 30 87 26 69 80 15 29 97 23 14 84 70 15 49 
58 8 17 22 88 68 88 79 9 80 13 48 73 90 4 88 17 39 88 99 44 26 62 86 28 42 83 99 50 77 
17 91 31 30 81 53 16 70 30 32 28 49 85 34 0 39 14 68 43 51 86 86 12 79 81 24 86 47 24 46 
65 68 67 50 52 43 44 85 73 54 67 94 63 36 47 69 95 16 53 0 61 81 35 38 17 87 92 18 40 32 
44 3 86 56 51 39 20 42 78 59 79 27 6 40 70 42 35 26 24 56 32 61 68 79 20 99 58 52 0 85 
14 31 66 20 33 46 55 53 76 85 31 71 61 35 99 81 90 89 5 83 12 87 60 11 94 65 99 66 44 17 
58 73 15 0 34 53 86 38 63 65 93 0 22 72 59 69 50 51 50 13 41 24 44 27 46 89 7 22 3 93 
95 68 68 59 39 8 17 64 87 20 57 28 80 79 44 68 23 61 9 20 62 69 47 37 68 87 96 12 9 4 
37 88 41 34 79 50 67 45 6 17 39 75 18 76 84 85 63 18 15 84 76 83 25 28 52 13 92 72 16 79 
39 31 79 13 25 84 90 82 66 15 18 83 4 78 25 22 88 45 19 38 7 55 97 66 25 80 9 52 84 76 
8 67 73 89 82 86 99 32 49 22 87 40 91 35 8 95 56 57 7 55 27 97 82 33 69 27 30 29 92 54 
73 87 76 34 20 32 70 78 27 31 49 66 69 61 88 54 35 86 87 55 98 77 73 19 35 18 37 50 99 1 
1 26 52 86 18 15 29 82 41 16 84 78 36 38 38 34 93 23 31 2 94 65 49 42 17 84 71 53 94 52 
73 34 58 80 71 44 34 29 81 26 69 82 55 13 0 95 3 32 17 31 4 85 48 22 85 46 93 25 5 23 
80 76 82 86 10 31 43 27 22 71 96 21 98 11 38 16 84 22 61 48 91 71 22 72 21 34 69 53 8 30 
66 56 86 99 38 33 25 1 42 90 76 17 27 89 48 93 39 11 75 33 94 89 73 42 14 90 83 94 98 95 
43 43 90 21 50 25 43 66 96 14 2 83 92 23 65 21 10 76 77 64 12 72 70 81 41 46 69 58 3 71 
6 71 52 60 27 29 59 87 82 94 39 1 18 46 61 25 38 73 51 57 81 82 79 14 44 67 98 91 38 90 
48 16 61 46 62 35 37 35 47 50 29 43 95 98 47 13 75 37 6 70 9 93 92 16 13 63 56 6 71 89 
34 88 82 59 70 53 76 75 90 35 99 8 40 57 26 42 6 8 23 54 69 3 99 92 61 57 95 51 31 76 
9 57 29 50 69 10 74 93 65 40 68 66 47 83 60 97 18 79 73 50 93 51 61 31 4 19 50 39 56 42 
82 71 86 15 56 65 71 58 49 32 80 48 65 10 70 29 20 40 82 57 87 48 72 82 51 80 86 92 33 40 
77 29 7 3 99 92 11 12 50 71 10 5 41 70 82 88 98 28 34 82 51 29 49 3 43 81 47 44 78 85 
92 78 85 34 89 99 67 16 48 65 63 99 4 14 42 32 36 66 8 93 5 35 82 55 20 11 90 60 90 81 
84 26 24 13 57 9 99 6 33 25 85 90 68 69 18 28 52 14 51 51 27 65 20 28 55 97 21 57 96 14 
58 21 87 98 35 50 18 37 92 87 66 57 99 43 22 90 72 82 13 51 64 91 27 17 54 8 73 22 35 20 
39 16 65 57 38 38 40 32 41 29 9 22 56 59 28 74 78 50 23 81 39 33 22 78 32 49 66 39 65 3 
7 70 99 17 61 51 64 39 68 48 49 26 79 9 15 79 72 24 88 16 64 94 19 5 83 45 13 94 1 1 
80 18 40 70 52 50 32 33 67 47 58 27 11 99 15 62 82 73 90 29 6 35 24 59 15 66 18 69 89 11 
91 93 92 46 1 76 73 27 0 98 18 65 60 41 46 48 17 13 18 99 4 13 79 34 67 81 63 70 5 67 
29 91 53 30 99 76 17 34 38 40 22 11 66 48 34 4 22 4 69 10 5 21 96 96 55 19 94 32 70 25 
36 0 48 54 91 45 23 97 74 84 17 60 92 1 31 7 51 72 54 28 44 21 53 7 9 86 83 77 42 51 
19 96 13 69 12 51 95 88 6 7 22 57 82 38 39 66 7 9 94 43 6 8 98 28 92 30 47 89 5 73 
84 45 66 99 49 19 33 60 39 25 17 4 69 78 1 4 29 72 61 72 57 59 91 64 75 31 77 68 75 97 
66 54 27 87 40 8 68 36 74 91 84 40 48 95 87 62 42 70 64 51 34 74 44 1 69 45 5 50 85 4 
18 99 8 43 16 18 44 50 5 51 45 83 79 35 12 88 7 16 72 25 81 1 40 42 71 96 50 30 1 17 
18 25 65 73 70 46 32 45 53 6 5 32 4 4 56 29 48 99 20 43 54 38 53 90 67 62 62 9 92 28 
65 87 0 22 62 90 91 49 91 45 17 15 26 95 58 53 33 57 17 47 81 34 52 61 90 52 76 73 57 50 
0 75 85 27 80 92 18 16 9 14 45 58 58 67 35 94 63 57 17 72 5 56 3 73 27 20 36 86 2 68 
2 71 31 41 33 24 30 37 2 4 58 86 82 96 73 8 10 26 23 74 97 43 19 54 61 38 38 26 74 61 
53 97 58 66 86 23 68 83 45 62 46 4 74 89 26 34 32 40 41 32 89 93 51 59 92 74 92 98 44 67 
19 13 9 61 93 70 17 47 35 23 43 77 41 55 88 25 38 16 78 17 29 94 63 28 41 24 78 54 91 14 
1 11 24 44 26 19 89 61 25 72 65 83 66 99 39 90 31 79 13 54 27 50 85 35 94 28 17 59 57 37 
19 40 65 6 80 24 33 84 38 60 57 82 73 18 79 46 53 33 32 13 84 26 70 4 31 23 80 69 13 2 
30 71 92 21 89 80 11 89 31 22 43 29 11 95 64 0 72 44 58 2 19 69 18 76 69 98 0 65 66 57 
49 11 24 6 91 94 25 39 77 44 94 56 17 72 31 57 25 19 57 22 89 4 19 69 19 19 62 7 38 12 
48 27 32 58 87 1 56 91 23 71 76 60 73 63 85 37 12 43 31 83 69 14 42 41 56 15 26 32 60 59 
98 58 67 45 54 34 91 16 90 33 32 43 39 74 88 72 82 12 96 58 43 13 68 59 75 7 52 89 16 65 
45 39 48 36 16 7 95 46 33 17 54 35 99 0 36 94 36 72 56 30 74 37 6 53 36 0 5 87 30 51 
0 30 75 84 64 26 35 36 17 19 32 75 73 2 71 69 72 91 84 1 64 62 83 46 54 60 79 85 12 58 
10 44 26 10 81 87 34 45 11 88 72 95 30 66 30 35 91 55 86 6 77 56 74 24 13 78 3 10 27 67 
35 91 9 86 76 52 67 97 56 56 81 47 96 32 94 69 72 24 1 44 56 45 29 87 65 76 98 58 60 95 
33 3 75 47 44 79 71 73 11 15 42 63 31 27 10 8 14 70 4 51 44 1 93 84 30 97 29 15 24 39 
13 26 72 56 94 80 31 2 66 55 62 99 12 11 94 71 24 16 2 57 94 94 57 71 46 63 42 48 65 85 
23 5 38 29 46 92 15 38 84 15 52 49 47 60 96 90 52 52 30 66 95 26 70 17 79 77 0 92 1 52 
87 70 75 69 99 48 77 84 21 59 13 57 56 72 62 65 39 28 35 74 10 86 53 74 21 83 47 25 74 45 
17 79 18 95 12 73 42 46 11 6 57 73 31 47 42 8 79 35 94 99 23 70 28 22 59 6 97 42 95 98 

18921 4388 17206 15923 12377 1347 2035 15451 6315 12910 12629 15172 3263 17793 7609 1315 7780 10357 13681 13788 15722 18528 15096 14920 19172 14082 2385 12500 19624 16745 

17060 23824 9612 8793 12220 4428 26833 22103 23918 18701 13140 11901 20608 23072 11974 16471 14465 4699 10652 26019 3447 19181 15127 26158 8842 24711 2273 10614 9804 26456 