90
30

44 82 90 32 9 57 20 83 35 25 88 96 24 15 2 86 90 10 8 6 54 53 98 72 48 33 92 61 45 48 
52 66 20 29 60 91 8 84 77 0 13 80 65 65 91 79 31 95 99 2 37 4 94 78 81 73 22 0 28 21 
23 12 72 71 54 81 42 80 95 31 79 86 95 52 64 68 80 1 57 35 14 71 84 91 94 74 86 33 32 82 
8 88 27 21 5 91 56 3 72 63 23 42 48 33 49 97 42 31 97 35 67 27 48 0 10 95 0 42 47 45 
27 30 88 29 31 62 22 29 95 49 87 82 81 25 82 87 52 12 2 13 31 49 68 2 78 67 75 27 94 51 
72 58 65 38 69 40 93 38 18 90 2 69 20 63 92 59 48 50 96 38 95 2 60 32 93 92 38 40 37 74 
91 36 44 75 17 42 4 50 58 70 13 84 68 2 4 9 16 86 91 76 79 56 24 13 46 88 96 35 27 81 
53 4 45 99 16 54 63 21 92 15 57 96 48 28 46 80 69 2 50 18 28 77 15 90 37 94 39 39 56 75 
1 43 78 66 45 10 17 7 95 94 82 22 6 71 87 40 49 28 44 5 26 32 47 16 24 7 33 22 73 22 
76 57 80 72 65 87 16 5 49 2 17 23 72 87 8 68 22 46 52 63 59 61 11 75 14 13 40 16 56 1 
68 95 81 35 43 6 66 74 19 89 87 61 42 14 5 56 51 76 63 75 89 94 37 91 8 59 64 43 7 66 
1 69 32 31 20 64 31 75 32 14 50 34 80 59 95 13 77 4 11 2 46 61 57 21 6 99 59 64 8 34 
82 52 12 90 56 19 65 7 47 0 11 74 42 76 49 30 10 9 28 38 47 70 30 43 13 39 86 64 38 37 
29 70 29 7 80 60 19 68 13 29 51 97 51 1 64 23 90 57 36 34 50 91 6 21 99 63 76 32 0 48 
58 91 86 90 25 10 44 3 85 1 82 1 69 72 97 19 21 46 73 83 29 60 82 29 20 13 58 71 23 79 
68 93 64 9 8 86 60 80 94 75 5 62 16 98 83 23 94 36 52 87 39 3 57 4 12 46 8 23 36 19 
95 48 8 18 42 39 0 7 31 78 65 59 15 9 81 1 41 42 84 35 35 51 4 66 1 23 74 65 73 42 
87 64 92 3 36 24 11 97 39 54 48 8 43 69 36 19 65 95 48 12 8 83 81 14 58 77 51 17 54 42 
6 81 87 69 78 97 69 91 25 66 77 85 33 16 61 48 78 84 83 68 71 8 6 24 39 16 63 95 7 28 
84 59 83 66 36 0 74 77 19 78 77 95 36 11 17 91 2 71 33 16 71 15 38 97 15 83 94 67 56 36 
82 40 46 29 65 43 56 28 63 82 99 25 93 2 17 98 42 64 96 40 83 43 89 35 39 40 72 64 66 42 
45 67 99 80 69 95 2 71 95 31 92 41 20 51 37 72 89 69 63 5 21 88 93 9 20 32 24 88 11 50 
9 86 14 12 92 17 32 30 26 31 22 89 64 79 89 54 7 56 97 98 43 31 5 76 14 77 70 13 4 85 
66 5 18 6 20 49 7 62 60 36 57 18 32 88 48 11 15 12 39 74 60 17 59 98 25 98 85 26 72 92 
51 68 68 72 20 83 91 11 99 67 30 44 2 45 41 17 69 43 4 84 4 11 70 10 96 6 3 74 30 53 
77 86 97 65 48 74 78 59 32 86 34 28 63 17 52 41 90 72 17 75 60 8 9 20 90 18 52 95 13 56 
57 72 63 17 37 96 33 14 93 47 20 15 91 82 33 45 84 56 42 52 40 0 85 1 96 23 60 34 36 50 
76 26 63 14 31 13 25 75 52 75 0 27 4 96 59 10 59 50 62 52 85 63 50 0 81 60 44 6 92 9 
66 96 61 94 29 26 4 6 77 7 28 17 71 43 7 81 38 32 11 81 35 12 29 12 17 53 47 61 69 24 
70 45 73 0 86 0 22 75 31 31 70 88 86 82 14 10 28 75 37 12 5 20 40 36 9 13 73 25 82 62 
20 0 54 2 98 74 18 15 96 42 82 29 41 8 49 93 73 8 37 39 78 58 7 77 97 38 82 86 12 79 
81 98 84 23 76 94 93 69 72 38 91 28 51 47 89 49 37 49 27 85 77 90 95 17 31 90 14 52 30 52 
87 66 40 85 85 49 42 87 20 80 10 0 31 50 56 34 73 85 69 32 92 56 66 97 30 79 39 30 83 30 
56 40 13 32 52 20 79 1 30 5 54 43 45 58 28 40 38 47 14 80 62 2 18 3 95 86 38 79 43 95 
85 38 89 83 66 13 9 76 63 71 94 25 80 38 36 3 79 52 63 44 92 95 33 99 95 75 27 36 84 90 
2 15 84 61 80 16 84 39 1 9 66 16 58 80 93 85 93 52 67 54 17 90 51 78 96 43 43 90 2 82 
44 29 24 47 32 2 4 83 63 31 17 54 54 61 23 55 1 48 72 55 61 30 13 55 93 73 65 33 24 30 
29 13 6 57 64 80 64 80 59 30 62 3 43 25 29 0 61 93 20 31 78 88 16 84 86 12 83 13 49 49 
33 47 93 72 67 74 28 31 5 31 67 7 2 60 66 16 31 90 19 89 79 83 66 61 73 36 93 40 45 27 
59 48 99 58 53 59 37 24 69 49 63 9 72 72 62 0 69 0 33 60 17 95 18 94 38 9 59 24 17 21 
66 33 4 71 91 50 39 25 37 93 88 10 33 85 44 83 84 15 35 31 44 2 46 15 88 94 44 0 87 1 
63 45 93 42 90 35 12 74 57 80 95 9 35 21 96 47 74 8 71 85 45 42 12 78 75 10 50 60 85 31 
54 39 60 3 34 58 21 37 0 50 85 86 56 43 9 19 18 0 78 15 85 86 77 46 17 17 43 96 75 5 
7 27 47 27 59 93 56 76 2 56 31 66 75 59 71 7 56 69 52 66 95 79 52 84 10 35 79 13 64 41 
48 91 6 47 35 72 37 17 91 85 34 48 14 74 51 72 4 55 72 69 36 85 87 80 56 39 20 81 49 30 
24 69 63 16 28 74 75 96 92 82 29 64 18 51 98 97 13 51 29 84 1 43 96 14 39 1 43 1 81 36 
19 96 84 60 25 25 64 24 10 39 47 98 21 85 53 82 64 22 32 78 34 33 34 47 41 27 61 32 21 13 
66 31 14 10 77 48 49 1 58 43 68 59 48 82 81 13 35 36 31 6 55 89 13 84 12 66 68 14 86 66 
58 12 48 78 96 35 12 20 64 73 97 6 62 32 63 55 81 5 61 90 55 71 99 74 75 60 25 14 59 85 
69 0 83 24 95 68 62 3 68 20 6 9 21 17 95 48 87 42 56 9 25 98 24 7 58 79 38 26 10 36 
82 65 90 38 85 71 76 71 45 12 99 45 25 23 16 10 51 17 34 74 1 66 18 98 67 71 97 3 32 90 
53 6 93 96 52 87 16 62 58 37 16 28 33 48 81 66 18 49 3 66 45 84 74 9 33 4 45 88 55 2 
96 2 88 28 30 38 81 59 88 4 6 96 78 84 72 35 45 36 10 27 10 37 83 13 90 64 59 10 56 49 
46 84 82 55 97 35 19 69 27 71 72 92 84 58 75 80 89 69 97 70 23 69 14 92 34 4 29 48 83 90 
35 13 54 15 53 82 13 90 74 83 64 45 3 16 54 12 82 84 32 66 32 49 39 26 46 8 8 8 29 71 
92 1 52 5 41 12 81 60 15 86 91 91 87 7 76 55 76 27 14 29 23 97 52 96 87 82 23 81 39 76 
91 35 70 74 13 20 38 49 50 8 31 46 55 22 17 87 45 82 10 52 18 19 56 89 72 76 43 49 45 22 
83 67 75 34 2 23 61 16 52 55 55 86 37 22 35 21 98 21 28 64 13 15 81 20 99 20 18 94 34 70 
0 61 21 45 4 54 67 42 72 23 63 11 3 98 59 95 88 52 97 50 1 57 40 24 23 71 95 27 25 1 
33 14 63 45 56 77 60 73 47 4 62 33 25 57 10 89 69 77 54 96 3 18 4 11 46 67 1 73 57 0 
42 88 64 85 93 37 15 35 87 62 21 61 80 10 63 83 4 46 91 10 62 48 32 76 36 67 83 12 9 97 
75 82 26 89 97 13 35 19 50 96 91 85 64 45 12 82 79 38 24 99 93 64 24 24 19 77 56 60 4 5 
74 81 11 74 47 78 52 59 21 88 33 42 36 96 52 69 80 46 46 21 20 20 96 40 42 56 26 80 86 16 
57 73 61 31 99 30 85 75 96 13 69 61 63 59 50 41 60 23 40 64 11 91 51 22 65 68 99 93 37 50 
8 53 90 22 72 16 49 57 32 38 47 96 82 69 61 39 19 62 58 80 88 68 94 57 91 63 17 9 68 0 
60 54 65 81 50 40 43 78 42 19 88 71 70 57 49 62 70 76 93 89 19 91 53 55 90 86 20 40 16 51 
5 62 26 65 62 3 82 91 46 23 35 35 67 18 76 77 46 8 59 72 81 45 12 85 0 90 66 97 33 93 
74 15 55 78 89 62 62 14 30 22 90 23 56 76 93 65 29 63 33 90 18 32 54 48 2 74 30 6 62 66 
34 7 52 49 45 67 26 27 92 1 34 57 19 19 9 71 1 41 38 56 59 10 63 65 42 5 58 47 81 2 
92 22 39 5 59 33 92 63 40 47 39 43 35 1 13 21 68 1 37 18 61 23 55 86 31 86 38 16 43 74 
27 43 46 51 73 55 54 74 96 18 56 14 51 12 72 39 90 2 84 3 57 9 7 63 41 53 83 13 95 74 
20 5 76 65 83 90 74 66 42 11 44 2 20 25 35 71 82 36 1 5 79 69 29 68 29 4 23 66 6 72 
28 64 50 69 73 68 38 35 90 89 79 11 9 1 6 80 63 76 1 35 34 40 49 44 31 95 33 3 90 93 
7 90 10 62 94 75 1 20 19 32 80 18 66 72 51 19 8 85 63 75 62 60 14 83 65 30 54 27 71 49 
20 22 18 1 80 38 8 11 76 56 8 86 13 90 57 22 13 76 45 51 29 9 98 14 0 79 69 82 97 48 
42 57 76 58 94 42 32 52 51 45 50 79 59 54 72 82 50 16 28 11 59 94 11 9 39 81 88 37 78 10 
73 82 98 75 6 21 15 57 26 60 77 25 14 58 1 49 48 14 94 42 10 79 15 33 24 0 16 23 11 37 
82 79 3 94 34 79 45 52 81 92 80 5 39 80 91 31 36 38 43 49 87 16 64 52 1 93 42 99 55 82 
36 24 44 9 20 93 97 75 13 6 19 0 74 26 90 15 43 1 39 43 72 92 73 84 77 20 31 3 1 15 
83 81 67 11 2 74 69 31 82 99 18 55 78 37 49 52 80 19 67 39 57 41 59 89 46 21 24 90 40 98 
95 48 25 22 44 77 65 3 6 0 32 17 51 91 30 64 6 7 57 57 94 85 14 62 39 29 49 33 65 85 
87 15 83 93 3 85 43 69 18 79 95 35 38 23 90 21 71 49 8 4 69 76 95 43 5 93 60 44 71 55 
48 46 55 99 83 35 39 32 74 2 17 41 15 13 40 42 2 70 21 60 78 50 62 2 72 87 99 74 79 6 
53 51 3 33 50 98 72 51 53 4 86 57 94 81 53 55 26 29 34 79 22 74 0 44 80 41 68 56 38 2 
64 32 80 16 50 20 1 64 93 11 63 22 63 83 52 49 8 20 33 69 25 8 40 71 21 77 65 78 58 58 
38 25 95 79 91 74 93 1 62 54 44 78 86 85 22 95 70 45 90 14 46 74 95 33 65 36 47 31 58 79 
54 66 88 49 61 47 68 79 21 85 8 31 89 5 37 74 21 76 97 27 20 83 98 89 53 48 10 58 45 83 
99 87 6 23 52 33 65 79 44 13 11 99 39 62 49 38 30 49 50 76 58 6 29 14 72 87 94 63 11 32 
42 99 26 28 96 37 64 91 18 58 2 91 25 87 79 18 9 18 78 47 36 14 52 50 60 38 99 71 96 6 
29 55 29 40 74 5 47 85 35 91 44 11 70 55 10 12 75 76 13 74 89 90 42 72 49 79 67 28 56 73 

2 80 98 74 0 17 94 41 89 16 95 96 95 7 27 26 27 16 31 88 74 18 71 53 2 36 90 41 19 16 
13 15 73 37 96 25 94 30 69 17 83 17 15 56 16 95 3 23 23 17 43 84 55 64 43 36 37 87 90 99 
92 85 79 84 69 28 58 62 10 55 71 31 52 2 14 40 32 36 37 10 51 6 53 79 10 37 43 62 34 20 
61 79 41 78 84 11 4 21 63 96 49 5 57 44 59 65 74 63 88 89 33 14 4 44 37 28 8 85 14 67 
10 0 59 8 51 63 95 78 6 20 36 69 98 7 9 16 25 92 77 17 60 82 73 19 90 33 21 10 6 70 
24 90 41 84 40 95 42 78 54 21 9 76 51 54 33 10 28 17 34 62 3 75 63 10 9 61 25 19 76 39 
45 72 64 77 66 22 59 28 72 25 77 27 61 80 31 52 11 77 44 19 28 44 31 90 46 34 68 34 37 89 
26 54 52 89 46 78 84 56 68 74 33 75 51 43 20 65 47 94 80 89 5 97 14 3 37 94 95 84 50 84 
64 74 41 28 43 36 8 46 56 19 19 80 54 65 38 68 56 7 18 40 70 43 87 35 56 92 97 99 32 57 
30 12 57 44 39 60 15 43 12 41 3 37 60 73 0 1 75 55 49 24 13 82 98 57 86 18 81 60 85 97 
15 14 53 76 76 13 88 82 54 61 40 26 7 30 40 59 71 54 69 13 90 76 48 39 70 61 24 38 77 46 
73 59 38 87 42 85 92 39 3 52 32 55 1 70 10 7 6 25 5 63 3 6 80 65 87 60 72 6 44 90 
92 80 32 36 29 75 88 6 89 19 48 61 6 9 26 45 18 71 3 36 73 35 32 51 34 37 45 27 82 59 
15 75 37 88 30 58 55 40 61 59 59 94 36 28 20 23 69 31 95 17 73 39 85 43 86 21 74 76 82 48 
59 4 28 97 80 85 35 37 16 17 0 19 6 46 28 2 2 14 8 8 66 32 59 57 84 29 67 44 36 13 
8 61 52 42 97 67 54 78 14 62 51 4 20 15 47 1 33 62 67 19 45 65 19 95 0 97 51 99 51 1 
66 19 84 35 94 91 61 99 51 69 31 3 33 68 9 33 8 26 9 17 17 88 4 93 1 77 36 42 3 30 
88 29 20 6 14 70 2 88 80 13 23 50 49 10 70 42 27 11 25 30 61 4 39 91 34 88 21 43 3 57 
91 63 0 21 65 30 56 92 83 85 41 31 86 6 28 11 9 27 10 43 46 64 46 91 5 15 5 52 48 48 
38 87 4 9 83 21 81 88 12 59 28 52 51 83 14 13 29 15 30 93 64 77 32 23 65 75 75 63 15 91 
14 40 73 54 65 43 8 31 57 21 36 59 12 77 42 2 44 40 10 11 50 72 73 17 52 41 71 85 93 56 
79 16 9 59 42 62 35 10 17 6 94 10 27 8 99 64 69 26 71 50 28 68 23 70 90 21 86 98 63 77 
90 33 42 40 87 38 75 94 10 20 27 57 2 80 35 54 38 34 12 97 55 94 37 32 36 54 44 0 27 13 
90 36 82 47 68 86 60 1 2 13 22 53 29 48 4 97 58 72 64 27 72 63 14 20 91 32 16 62 37 23 
78 48 49 81 73 72 46 76 2 64 50 62 38 53 85 98 34 69 42 70 96 98 74 76 27 64 43 75 23 97 
43 11 51 10 84 56 51 98 89 41 50 38 46 61 63 33 32 83 36 46 81 82 41 20 69 92 36 58 42 47 
54 32 12 41 73 43 91 37 91 31 31 15 99 22 13 14 36 73 81 31 65 23 19 74 92 84 27 73 42 22 
37 16 41 4 66 43 78 38 10 30 52 94 33 35 6 10 76 1 33 19 16 26 87 34 46 41 28 98 46 85 
8 71 76 28 53 20 99 5 14 25 33 69 81 30 77 47 89 88 55 84 65 87 93 5 78 57 2 9 12 86 
44 99 56 13 4 8 95 51 81 67 37 78 99 19 11 96 69 97 28 34 71 4 80 57 44 63 28 10 77 31 
95 90 65 89 73 45 65 63 7 38 55 23 16 13 94 74 59 69 38 38 61 16 42 81 62 79 72 47 35 56 
5 92 13 70 74 37 3 59 2 78 66 88 35 25 31 86 56 60 31 40 37 28 91 98 84 16 29 67 56 58 
8 98 74 6 89 0 61 26 52 38 56 18 84 76 12 76 72 99 67 28 15 19 43 30 79 34 13 87 37 5 
45 55 69 82 15 16 30 76 39 47 87 57 66 27 9 42 48 36 39 93 62 64 89 35 56 9 48 69 42 56 
78 42 65 48 50 97 12 95 30 8 45 93 38 84 71 30 26 96 79 20 46 52 22 79 14 30 98 38 81 43 
84 61 79 97 13 5 92 74 95 48 69 23 39 64 92 78 6 32 55 14 15 96 15 4 75 17 38 67 17 93 
23 86 49 21 3 54 60 47 50 83 42 5 14 67 3 63 1 91 7 16 51 38 39 88 81 16 1 50 94 24 
82 54 79 21 46 35 49 64 52 48 88 41 81 30 16 2 46 98 75 68 6 45 8 79 6 73 88 0 25 81 
4 97 87 7 16 64 83 81 52 46 6 41 82 5 88 15 13 7 96 83 86 44 35 64 53 15 48 85 93 8 
23 40 72 99 49 42 62 21 65 18 82 87 14 9 17 72 86 81 28 79 8 34 66 49 24 94 50 89 67 11 
62 37 19 91 90 60 9 55 5 93 97 83 48 39 41 94 92 86 49 79 72 32 59 74 11 2 2 38 98 15 
40 93 73 22 83 24 36 28 30 45 93 71 81 93 92 24 26 89 15 29 98 92 39 96 50 30 74 16 95 79 
35 71 17 28 15 45 36 59 74 67 99 16 38 39 18 45 92 28 80 43 4 28 1 29 12 21 4 34 72 98 
30 78 31 3 22 68 87 26 48 49 52 59 28 78 11 74 9 17 64 6 88 61 90 49 78 31 58 70 69 22 
81 43 29 77 94 24 52 20 1 30 35 72 7 2 50 43 43 42 51 65 58 82 11 2 15 3 95 68 30 28 
16 36 38 41 16 98 68 16 78 43 78 64 62 39 59 14 24 31 28 6 40 25 60 42 78 78 30 43 65 41 
68 93 39 20 42 74 10 41 33 25 42 55 49 74 45 90 16 27 29 65 19 17 72 12 93 45 98 58 98 62 
53 78 96 83 56 25 53 15 31 88 3 68 64 24 60 53 45 93 72 93 71 72 32 21 40 23 17 14 47 64 
92 99 71 39 27 31 8 7 90 31 97 98 31 26 33 77 64 32 73 49 5 78 77 85 43 54 35 33 24 39 
80 73 99 30 78 12 56 89 60 26 36 79 23 12 3 48 14 92 26 86 89 86 80 67 0 40 88 46 49 96 
46 79 21 19 14 78 82 17 69 26 99 45 33 11 23 49 44 52 44 5 22 34 0 61 50 63 13 80 65 18 
69 48 48 58 71 87 43 5 42 1 32 27 38 33 83 68 12 9 12 20 35 4 41 33 63 64 49 85 15 52 
32 84 82 2 34 68 2 19 4 18 63 43 2 94 12 66 51 85 0 70 3 4 70 33 80 87 82 13 3 69 
27 6 10 49 75 52 40 71 60 11 25 63 97 50 19 49 78 21 62 89 97 93 47 22 9 91 47 37 11 53 
19 69 95 99 79 12 31 72 42 91 66 13 47 31 49 60 10 28 18 82 2 99 10 15 12 59 83 31 64 70 
51 64 92 57 88 90 80 63 32 16 50 23 12 33 20 53 68 39 89 86 39 36 18 27 48 55 1 67 96 60 
61 15 52 52 3 19 96 46 16 84 60 16 8 28 65 28 4 3 53 84 52 94 67 76 18 75 14 10 53 67 
27 42 80 41 12 52 18 61 36 35 50 50 93 86 0 35 64 16 74 98 53 23 86 42 57 0 70 40 12 58 
42 45 27 93 73 61 79 33 91 5 47 34 7 27 10 17 43 38 25 64 11 97 63 9 61 34 82 9 5 9 
45 56 80 54 22 85 5 29 47 88 60 92 90 21 71 74 86 82 90 0 32 98 9 0 29 31 33 95 43 10 
14 63 12 41 13 18 10 46 50 43 61 45 49 77 52 80 89 42 97 33 33 52 47 96 75 50 42 2 45 64 
61 15 47 73 12 30 24 23 63 55 95 41 12 58 69 36 41 0 69 76 15 0 95 90 3 91 25 32 44 69 
26 0 83 39 17 4 43 20 32 25 28 50 34 4 41 13 17 58 91 74 77 9 11 96 40 78 9 73 84 73 
26 6 88 77 77 3 99 12 1 85 91 48 22 20 76 57 37 23 73 53 57 1 43 71 56 11 64 48 43 84 
92 44 24 17 34 86 38 33 25 47 78 83 91 80 38 12 40 63 38 34 8 45 18 82 57 80 18 15 1 99 
61 22 97 54 27 37 49 38 80 59 93 49 69 47 60 81 42 25 54 32 30 20 74 78 79 27 70 49 64 60 
20 95 89 40 59 60 69 30 5 58 43 16 58 52 64 94 59 72 74 14 60 14 47 84 13 12 64 46 94 82 
58 74 27 71 30 43 49 55 34 89 61 89 91 42 37 80 52 19 87 47 45 88 7 99 71 59 49 23 25 56 
1 75 65 67 62 25 56 95 48 80 54 37 59 94 10 83 8 51 22 94 78 64 42 12 60 23 34 9 96 5 
33 80 26 18 47 29 5 26 17 11 50 13 9 28 31 49 10 87 12 76 59 76 3 49 25 4 89 62 17 27 
51 71 86 43 61 90 64 29 66 9 34 63 57 78 29 44 93 49 25 8 47 55 49 97 66 94 27 38 81 35 
45 35 97 49 4 77 65 65 76 15 96 73 0 76 85 39 89 98 45 6 10 3 75 83 74 71 12 61 53 41 
29 2 98 86 5 85 30 16 51 8 38 16 80 90 84 32 58 4 17 31 77 51 47 36 18 46 17 91 17 77 
84 98 40 67 98 60 31 42 32 1 0 77 9 39 38 94 29 64 14 22 87 15 61 30 39 75 59 23 57 30 
95 36 74 45 31 75 20 70 16 99 99 77 47 20 41 73 27 89 48 64 99 83 20 52 57 6 14 92 42 84 
72 41 97 0 48 74 28 14 86 58 88 55 47 94 93 80 87 85 41 45 31 75 72 22 89 73 11 61 21 63 
70 92 41 56 8 99 7 32 72 12 66 93 60 24 11 6 99 91 0 22 8 1 38 97 3 14 13 38 54 93 
35 71 11 2 37 87 51 28 25 22 12 43 79 76 32 37 52 71 85 78 27 10 93 60 7 84 70 76 59 38 
4 16 53 1 90 62 36 25 81 51 49 99 8 19 91 39 90 45 56 55 33 61 17 57 96 95 44 44 66 71 
44 94 65 64 97 46 96 10 8 43 95 98 99 74 32 97 18 40 4 12 29 25 86 48 18 48 55 45 34 41 
92 98 34 54 25 87 10 0 76 79 26 90 20 68 70 13 67 76 26 70 32 22 2 54 49 44 73 50 41 16 
30 93 62 3 40 99 60 51 61 64 41 92 57 97 22 25 28 37 6 95 25 48 17 76 30 20 86 43 26 7 
63 83 63 72 99 73 25 38 31 40 39 43 61 64 70 76 3 2 14 19 53 38 77 23 89 92 92 5 24 32 
18 45 66 85 34 7 38 37 0 9 85 56 61 47 66 5 31 16 1 97 43 91 24 30 91 73 62 4 87 97 
48 91 91 70 30 31 21 78 25 65 22 81 55 18 65 90 50 15 3 87 88 78 2 36 44 38 26 8 38 64 
42 87 8 90 82 65 71 96 71 22 16 70 98 53 61 60 11 92 65 85 51 38 74 78 53 94 52 71 86 64 
3 42 3 72 10 93 30 94 41 21 9 32 80 9 85 52 7 36 84 77 26 1 34 98 5 97 30 58 95 80 
28 11 31 24 44 54 26 57 68 3 30 18 30 54 95 78 85 37 85 16 94 72 7 39 14 76 60 5 40 77 
32 60 54 46 80 14 59 37 85 28 32 14 60 62 4 87 50 18 52 94 70 87 71 12 45 70 48 62 58 37 
66 54 34 46 15 95 96 33 66 33 80 48 53 31 91 97 74 88 47 10 86 40 27 53 72 34 37 53 92 22 

18921 4388 17206 15923 12377 1347 2035 15451 6315 12910 12629 15172 3263 17793 7609 1315 7780 10357 13681 13788 15722 18528 15096 14920 19172 14082 2385 12500 19624 16745 

11764 8827 4714 7394 5596 15644 21195 27531 19887 9274 19182 22785 21733 13701 22557 24065 25308 20554 24205 21222 3895 23444 21300 26684 1921 16767 20937 20503 25818 23160 