90
30

56 21 53 15 83 27 9 48 29 92 16 22 51 53 60 68 89 17 45 20 41 3 68 71 27 89 32 74 41 62 
21 46 46 99 77 28 92 38 31 15 46 23 75 45 64 8 97 16 50 79 96 78 78 25 56 4 73 48 57 52 
75 12 30 67 38 70 98 72 28 6 67 70 32 1 38 40 90 83 75 5 7 48 33 99 3 47 48 71 27 68 
26 95 28 86 92 70 54 29 90 50 40 2 35 13 86 57 66 66 53 7 42 59 25 30 93 38 95 86 12 63 
5 63 36 87 24 30 79 44 52 42 99 17 89 40 2 75 93 40 42 88 33 97 46 87 4 96 84 2 47 2 
64 1 11 66 8 20 52 83 65 63 25 37 46 85 46 75 83 15 24 16 74 73 75 63 34 75 81 86 89 56 
59 97 69 33 36 27 86 91 61 78 20 76 3 13 25 20 94 8 43 24 38 70 93 94 81 9 51 87 29 6 
62 17 45 17 40 39 52 14 38 98 59 39 13 14 51 36 3 41 27 77 95 21 76 0 54 30 17 28 40 70 
57 29 33 57 29 47 40 29 23 9 55 49 17 80 12 89 72 36 21 23 49 66 98 54 69 26 34 63 8 9 
44 49 7 97 5 5 45 17 77 41 95 15 52 51 67 11 83 89 1 14 93 97 75 0 63 3 32 82 35 79 
42 30 1 28 62 17 54 42 40 98 12 44 2 49 67 20 0 31 90 85 13 35 8 47 31 46 47 76 65 20 
83 72 67 63 51 94 37 64 28 5 70 2 50 37 62 48 62 75 71 33 96 26 17 34 26 12 55 13 57 11 
56 9 24 36 90 72 32 8 84 81 51 85 3 85 48 47 80 64 20 40 92 2 62 41 58 12 81 85 94 52 
47 76 77 35 30 74 82 11 77 17 92 78 19 29 17 45 9 32 47 68 52 44 40 15 49 40 17 37 82 15 
8 58 20 69 88 3 98 92 73 30 23 43 84 30 2 38 2 22 86 79 40 46 88 19 50 41 14 10 11 44 
11 6 67 67 28 16 32 34 45 99 54 68 0 90 22 82 42 66 58 97 79 6 22 4 84 3 19 40 14 19 
94 35 21 15 52 55 71 74 42 65 13 12 78 58 40 40 0 45 58 24 97 94 37 59 42 62 19 40 5 67 
4 17 53 80 42 55 55 44 97 31 34 51 67 50 59 25 72 57 50 97 37 78 42 81 58 14 34 60 94 76 
27 68 38 29 15 16 74 93 78 96 4 2 9 65 98 38 71 84 23 83 42 84 45 46 25 66 89 78 19 53 
35 63 65 79 67 64 40 47 94 50 35 16 35 33 58 96 16 5 48 45 21 40 77 18 17 3 90 98 23 86 
3 15 92 59 59 31 42 9 24 45 50 4 51 51 86 0 54 52 57 85 87 9 89 29 97 79 65 77 94 72 
5 3 78 36 36 24 11 46 12 30 1 47 64 86 61 88 99 8 57 56 81 17 46 70 50 33 76 14 72 53 
1 22 24 26 24 24 64 24 84 39 23 73 39 59 31 81 13 61 63 92 15 49 71 44 42 13 27 13 27 38 
95 69 89 26 21 78 5 3 95 31 1 16 23 65 43 55 20 31 63 41 18 17 59 90 32 15 54 15 38 9 
97 31 64 17 47 2 84 15 70 16 72 20 47 76 54 10 52 73 75 30 80 45 52 77 8 55 94 82 22 46 
3 41 69 42 85 46 72 13 51 21 57 21 60 70 66 10 59 96 45 22 9 30 44 30 0 97 65 35 10 2 
48 69 37 11 63 87 34 57 75 63 5 8 86 94 50 67 66 1 80 86 32 75 14 33 44 97 47 29 22 41 
55 39 92 37 57 98 34 50 63 9 76 98 81 22 67 30 55 0 13 24 56 25 63 74 51 1 83 87 26 58 
54 0 31 57 78 98 76 61 73 79 95 12 8 5 61 35 94 39 11 63 37 47 24 38 21 28 56 47 71 84 
17 97 23 56 60 30 89 89 6 41 8 92 29 33 12 15 74 51 45 48 77 55 25 30 21 29 27 13 40 39 
33 16 51 88 77 71 88 34 70 42 58 55 2 75 36 93 43 1 1 1 88 3 39 81 28 24 82 82 36 72 
85 1 2 51 6 3 49 23 87 48 26 79 39 3 54 78 61 68 65 78 68 48 74 67 1 47 57 74 40 60 
42 15 47 12 24 99 7 46 61 8 49 60 25 16 59 63 99 21 22 89 54 2 51 85 40 18 95 66 85 15 
27 6 72 19 57 5 54 15 31 48 17 39 91 58 92 60 23 92 8 89 10 40 95 73 75 33 11 53 74 58 
43 77 72 44 90 30 17 66 60 92 1 70 8 47 55 39 18 10 35 30 87 36 90 62 87 32 11 43 97 86 
16 43 26 80 4 76 96 59 5 38 18 69 88 4 14 78 3 1 50 59 97 92 81 82 1 49 38 63 82 97 
92 48 20 49 89 36 50 85 25 85 71 18 18 25 12 71 97 98 23 49 0 90 12 77 67 15 56 51 66 91 
56 5 78 87 11 7 47 51 36 31 50 55 38 57 60 83 43 21 7 88 26 92 38 79 78 61 61 90 38 71 
2 84 52 8 24 68 37 54 76 23 85 57 78 81 3 63 54 5 98 35 79 48 45 44 97 95 93 1 12 29 
7 67 87 52 35 75 81 75 68 31 16 39 20 85 52 45 38 95 22 98 42 22 35 92 39 23 70 98 55 32 
8 20 95 54 73 48 21 8 90 6 99 84 63 82 60 14 53 94 85 70 95 11 89 23 82 55 89 53 10 41 
58 70 71 21 8 0 24 66 73 34 76 79 47 63 78 26 26 26 96 43 62 57 19 34 3 6 12 87 99 60 
32 68 95 12 60 54 25 26 12 43 3 15 50 28 54 22 80 37 35 82 32 74 60 82 47 99 92 71 7 56 
96 78 13 17 58 32 69 12 99 11 23 57 71 37 9 4 83 23 52 73 3 21 49 37 43 25 43 83 18 46 
29 47 33 43 89 17 37 86 28 51 54 86 53 30 85 21 36 75 24 29 35 83 44 63 70 49 49 20 86 2 
88 91 32 61 85 98 59 90 21 7 4 96 92 38 8 24 3 13 0 28 88 10 33 12 71 7 55 92 89 56 
61 14 58 92 50 19 48 89 79 48 98 10 98 41 84 9 6 46 30 93 57 65 10 39 10 92 96 33 98 18 
48 77 68 23 33 68 9 56 45 67 72 98 52 89 50 44 77 95 76 43 19 68 47 6 47 96 91 52 28 0 
30 46 83 81 14 71 66 67 15 26 22 88 15 38 67 19 33 32 91 46 57 4 73 75 98 89 83 62 61 10 
76 46 19 59 27 21 20 44 58 65 65 1 46 12 53 58 27 51 58 0 18 69 0 62 44 82 20 68 22 27 
69 78 46 89 68 12 83 6 18 70 60 69 39 67 10 6 86 40 11 19 69 7 26 22 65 90 29 84 15 14 
92 82 21 59 43 27 16 22 30 98 48 21 69 17 3 31 29 38 78 59 0 37 50 83 54 22 26 6 78 9 
66 17 47 26 87 48 70 37 37 78 20 14 64 7 33 73 11 14 41 84 53 82 70 96 18 23 15 38 66 67 
85 12 43 81 61 60 96 34 31 78 43 34 79 26 29 84 48 35 1 57 10 23 97 67 98 68 26 90 98 93 
79 75 95 79 4 32 34 90 40 97 24 85 80 9 4 60 18 48 56 28 96 16 21 39 56 65 59 5 65 13 
62 68 70 71 2 27 90 8 88 29 69 8 49 76 31 94 68 99 17 39 50 6 9 64 83 20 37 21 26 40 
60 89 40 95 54 42 47 99 31 68 69 92 96 32 3 47 14 44 16 77 23 38 70 56 35 94 28 60 8 69 
69 82 74 83 41 63 61 15 19 70 40 85 47 0 96 26 82 74 85 81 67 86 42 67 7 91 56 14 14 58 
97 37 60 23 2 26 44 14 26 59 57 46 18 53 13 78 2 39 80 12 33 95 14 70 94 93 96 57 40 48 
18 15 96 45 66 33 79 16 4 48 99 85 47 61 51 80 85 56 9 11 89 98 85 43 22 31 7 24 24 27 
43 40 45 39 55 5 54 63 75 20 49 15 41 48 25 77 12 93 1 70 75 75 1 45 3 51 31 22 23 9 
26 4 3 50 20 43 85 21 90 42 94 70 78 23 21 44 75 90 57 35 25 59 16 58 4 49 87 9 53 54 
91 41 84 23 48 54 93 43 59 89 37 80 78 66 68 34 21 10 27 22 32 66 44 66 10 75 87 84 69 76 
75 89 75 53 30 47 89 48 38 61 12 99 56 66 5 76 65 65 35 28 63 26 66 65 67 42 97 38 37 5 
21 78 56 48 48 22 42 68 23 42 51 23 37 31 10 70 86 34 91 85 66 19 12 85 75 27 28 39 77 48 
37 45 48 8 28 3 93 68 50 9 36 65 52 60 90 58 56 40 73 42 40 22 27 49 51 11 62 63 84 15 
11 99 71 17 93 26 0 82 5 50 29 21 96 63 86 7 88 46 52 5 48 69 81 56 46 25 6 46 13 4 
14 34 21 78 21 16 33 61 49 69 92 72 6 88 60 99 17 5 8 50 54 71 34 50 55 21 57 96 50 62 
3 96 24 63 89 62 67 13 82 6 30 1 69 79 52 20 69 53 39 99 88 22 16 28 88 90 78 8 10 52 
7 61 90 2 38 75 59 23 87 62 91 23 69 70 64 59 91 58 50 22 63 38 28 3 91 42 2 58 37 62 
61 28 48 73 22 4 9 46 37 22 58 94 45 42 67 23 16 41 92 74 18 22 27 77 89 27 30 61 4 92 
95 81 80 0 92 59 29 0 11 58 88 17 55 22 66 59 97 62 75 97 73 69 71 84 93 75 90 19 83 12 
61 98 87 19 47 84 7 10 29 6 40 97 39 52 53 38 11 37 6 43 1 41 4 72 96 57 44 95 15 99 
97 0 72 46 22 86 53 43 9 46 25 53 18 55 77 69 24 11 75 6 15 77 67 29 98 43 64 6 88 5 
6 76 20 13 74 77 81 44 1 76 64 16 6 92 89 28 50 98 38 95 87 65 18 29 53 60 20 73 31 16 
56 80 67 53 95 15 40 96 22 11 3 30 85 1 48 89 20 15 69 64 64 18 12 79 81 21 55 74 82 80 
41 87 2 96 64 26 67 53 78 78 72 61 84 91 33 9 12 29 3 21 3 81 71 93 52 79 47 26 76 54 
46 14 24 37 4 37 22 81 78 52 32 62 34 20 77 87 18 79 46 13 53 58 85 59 23 8 44 65 28 75 
32 25 21 54 95 0 64 89 28 97 66 16 83 57 85 71 29 90 99 80 81 59 8 39 5 97 86 33 61 4 
14 53 48 54 64 7 53 29 7 43 29 47 72 31 48 38 73 50 97 12 83 10 38 3 29 82 18 89 22 19 
14 29 64 97 62 50 81 12 88 93 80 98 35 93 32 60 77 48 22 49 48 10 26 98 22 98 0 13 37 19 
93 93 46 41 13 3 23 64 28 37 71 78 56 53 15 91 82 48 61 95 27 14 61 81 32 0 22 15 32 60 
38 63 58 66 40 8 70 18 89 92 8 79 61 88 29 15 0 89 55 18 22 57 59 46 26 64 52 5 16 39 
54 56 57 92 76 25 11 67 16 46 30 67 72 66 3 44 18 95 80 28 85 73 21 78 61 0 42 42 87 28 
68 77 23 38 91 65 3 38 14 18 5 44 27 69 20 54 29 83 65 6 9 40 1 98 53 67 48 86 21 39 
88 18 24 48 18 50 97 37 94 54 38 31 67 25 73 18 0 29 54 62 35 71 0 49 34 53 51 5 12 70 
87 21 50 49 21 93 39 39 94 53 3 0 6 45 2 57 69 76 10 9 81 52 18 13 27 73 10 82 83 36 
16 71 71 96 21 30 79 67 14 57 62 51 82 84 80 62 86 61 30 47 94 39 99 44 25 61 25 19 57 8 
52 73 96 62 18 16 95 94 4 43 91 60 43 62 81 92 57 54 68 13 80 79 47 95 82 43 92 50 91 90 
98 30 98 95 63 74 83 73 15 8 89 12 42 9 36 6 49 91 69 59 70 46 56 61 10 82 91 74 79 18 

43 85 28 7 47 72 86 27 92 73 72 20 5 41 47 80 92 6 67 25 67 24 22 34 60 10 67 93 15 28 
0 43 87 49 26 10 12 11 24 42 92 22 86 73 15 99 9 26 31 39 63 89 22 60 47 39 47 56 27 4 
68 56 5 81 57 84 68 49 64 58 17 43 90 70 68 98 82 40 78 48 67 39 54 57 77 23 19 21 25 9 
58 57 60 8 82 73 83 78 55 80 13 67 91 3 49 71 12 91 42 2 16 26 84 63 15 1 85 74 23 6 
89 72 4 37 48 9 30 23 55 11 87 40 5 59 45 49 46 22 62 77 22 42 8 43 28 64 22 73 35 44 
22 72 43 86 59 59 75 98 71 44 26 56 64 47 24 23 49 60 65 61 11 12 31 35 64 88 7 84 46 3 
55 31 47 54 4 38 65 68 68 34 52 52 7 76 82 95 88 13 51 74 2 71 99 80 65 72 16 54 88 59 
60 5 5 97 7 39 98 53 11 39 42 89 42 68 73 28 38 62 52 54 68 81 66 75 15 96 7 60 20 40 
0 17 34 67 83 74 82 70 64 2 35 78 98 58 34 16 58 62 25 3 5 34 93 26 75 38 96 5 26 26 
56 49 34 77 35 61 22 62 27 45 51 96 24 17 21 48 43 27 57 17 35 54 75 11 92 10 58 67 30 81 
74 13 26 87 40 51 32 38 92 26 68 17 18 89 13 21 83 86 9 36 27 27 61 29 25 10 4 87 56 14 
49 27 94 79 58 67 31 44 88 26 98 98 7 92 37 77 85 83 44 16 96 82 84 18 92 23 51 21 42 67 
19 69 36 77 10 3 0 6 78 52 67 36 81 79 19 32 88 99 74 27 46 98 90 10 8 7 14 12 89 4 
92 13 10 68 24 94 34 78 26 25 16 64 32 56 20 36 50 55 66 34 59 6 20 10 1 68 36 3 15 48 
9 85 13 45 2 86 91 71 65 16 33 51 38 61 43 57 26 4 23 30 72 6 69 2 82 47 62 9 70 9 
79 65 16 56 39 35 79 43 66 30 86 46 41 14 2 15 60 86 49 84 32 83 22 79 81 28 33 21 30 93 
70 18 90 78 54 79 76 13 37 99 26 24 67 13 93 50 23 92 39 71 74 46 45 96 41 60 22 25 62 63 
86 82 59 17 29 80 0 79 4 60 80 58 94 34 65 81 56 0 78 49 36 22 21 25 4 3 66 98 65 66 
42 17 33 44 19 85 77 42 67 53 75 15 27 64 46 72 20 29 21 7 6 35 6 26 49 24 23 95 44 85 
33 52 32 49 97 50 93 91 11 19 7 62 18 70 4 5 1 79 60 55 2 23 7 93 2 49 50 15 92 15 
34 53 97 14 78 39 31 79 88 99 9 42 4 34 31 71 51 11 32 26 99 74 35 0 40 56 74 40 52 34 
72 64 4 80 77 12 13 86 8 11 68 64 45 22 80 67 90 21 17 53 56 14 36 18 82 99 26 50 72 24 
20 87 98 94 34 82 41 38 52 4 24 33 60 33 95 53 94 23 40 75 63 46 41 73 57 35 27 83 49 95 
44 9 56 45 80 15 17 21 4 10 1 27 2 36 52 46 30 5 38 34 2 44 60 46 3 63 33 91 77 20 
50 99 37 81 95 48 99 90 53 97 33 80 47 4 86 16 92 33 20 28 43 97 70 95 92 51 5 73 22 71 
64 83 34 66 96 5 10 3 11 37 56 56 39 27 67 1 42 73 89 19 36 55 74 76 12 47 50 1 59 24 
66 73 41 51 66 91 63 27 9 81 46 28 50 84 85 60 21 4 63 12 15 20 44 94 31 5 68 76 41 80 
28 64 95 17 87 5 72 60 81 72 38 26 5 92 69 11 82 17 57 13 63 44 0 44 10 37 54 82 53 10 
79 12 20 72 24 37 4 33 38 54 91 46 76 43 65 10 60 6 86 68 7 48 80 82 37 91 0 53 15 75 
54 36 90 65 92 56 54 85 15 26 12 43 29 32 40 9 76 18 78 84 7 11 92 42 76 46 79 53 75 91 
23 16 32 91 11 47 52 54 72 31 70 82 3 91 35 95 81 66 59 9 93 99 98 73 15 51 36 59 40 16 
98 81 23 6 22 70 91 11 54 35 51 60 39 1 81 53 42 80 89 23 11 29 82 50 65 12 68 42 67 51 
95 56 27 32 97 15 32 21 89 50 1 96 50 77 19 90 76 79 86 9 87 58 3 77 34 76 58 17 27 5 
2 54 81 43 21 31 62 77 44 46 75 99 45 64 14 2 26 58 79 7 98 86 35 13 76 11 52 60 80 2 
56 43 96 7 93 37 38 47 71 94 12 5 30 38 85 95 73 73 5 21 43 71 10 94 29 0 48 39 45 24 
79 17 2 77 28 51 91 92 31 29 12 36 64 10 45 85 70 77 44 46 19 99 82 95 51 96 2 98 9 27 
36 36 52 36 2 48 0 35 92 54 54 3 11 41 2 27 23 5 97 25 30 93 58 17 69 95 48 34 20 51 
22 95 58 4 47 66 74 9 37 10 77 61 59 76 28 11 2 79 79 0 11 86 19 4 34 4 40 81 27 31 
89 72 24 16 56 79 57 42 27 36 89 33 86 42 97 37 60 19 12 42 36 19 6 35 86 85 83 94 91 54 
14 88 46 42 26 19 85 54 26 31 51 18 28 65 21 20 17 51 41 3 55 48 31 49 24 78 91 60 64 26 
79 6 31 87 69 7 11 89 11 64 44 27 27 62 49 73 45 9 65 65 37 68 24 83 10 23 56 49 81 71 
59 43 23 24 0 88 69 81 36 64 11 86 52 55 17 94 73 27 81 16 87 5 55 87 91 86 31 13 40 13 
87 75 75 93 0 85 40 33 93 46 32 36 72 39 38 70 73 56 42 2 14 39 28 76 35 1 96 54 62 36 
65 65 29 49 41 29 52 59 71 42 25 50 4 53 95 86 39 55 30 6 21 79 88 70 30 64 52 15 56 37 
82 48 66 29 10 85 10 9 79 8 8 16 85 9 28 18 88 30 39 26 11 21 2 43 11 92 35 34 20 6 
60 39 81 51 27 57 21 93 58 94 43 87 67 34 27 7 56 88 73 17 73 24 23 94 96 82 50 79 80 31 
87 13 71 20 62 85 82 35 37 99 85 52 66 41 62 56 42 92 12 74 81 35 22 25 62 36 41 92 32 0 
5 79 37 46 25 94 36 36 11 75 21 49 15 53 33 9 4 21 59 83 93 43 55 15 17 30 6 75 95 70 
47 14 46 82 90 82 31 29 26 29 45 19 20 4 94 75 87 22 5 49 41 64 72 16 48 30 36 72 22 56 
44 21 45 73 37 24 2 62 72 49 67 34 60 40 69 42 92 98 35 4 73 38 85 87 93 69 25 93 8 14 
61 41 93 53 37 21 12 69 66 97 5 33 3 61 85 41 86 60 3 7 43 68 16 65 28 70 74 32 62 63 
7 47 62 9 73 78 95 95 2 60 9 66 60 12 90 64 94 53 79 69 43 94 38 24 39 90 41 0 7 91 
45 38 59 94 47 58 37 15 52 22 37 19 96 11 39 76 96 38 9 38 38 1 53 52 8 69 47 51 30 30 
56 85 71 60 35 6 28 1 62 85 2 24 47 50 26 46 21 65 97 19 4 88 42 3 98 82 4 96 42 63 
38 80 60 9 48 12 57 63 98 69 50 16 0 13 57 34 35 49 54 77 84 88 99 22 53 40 63 88 35 89 
26 25 45 38 31 12 96 20 94 77 41 10 24 40 60 95 93 34 96 66 63 63 54 67 61 91 21 93 61 78 
72 24 99 14 64 59 55 99 45 51 65 89 22 90 32 92 60 66 79 91 14 12 44 30 20 20 9 77 83 61 
24 68 48 70 57 86 46 64 90 27 37 17 35 67 97 91 44 13 38 16 37 27 35 66 69 39 3 52 8 89 
58 60 11 74 56 86 99 76 79 44 68 11 22 69 19 13 3 12 55 50 92 27 89 42 38 76 80 5 35 12 
72 66 55 24 4 20 49 25 18 1 84 54 95 17 64 1 82 55 66 72 82 53 81 72 52 17 38 57 96 98 
59 91 64 78 66 3 5 34 43 33 8 57 20 18 50 70 37 50 33 53 98 3 68 77 26 17 45 13 87 92 
7 45 30 22 94 25 71 65 43 49 13 45 61 19 82 27 86 46 26 96 35 95 96 58 75 82 9 20 84 70 
73 30 77 23 14 79 22 34 35 95 70 0 96 93 67 41 99 38 29 76 27 59 94 1 43 4 93 32 70 33 
82 6 17 87 45 69 87 79 55 65 9 95 61 32 90 96 14 58 39 78 77 49 46 2 69 19 7 28 34 97 
15 96 54 23 81 47 20 70 35 82 50 4 31 84 13 88 54 69 91 85 3 37 4 6 1 32 64 26 44 32 
31 49 6 46 10 99 58 61 89 71 57 90 12 72 22 98 48 22 7 17 82 15 30 76 57 42 21 94 34 30 
95 36 43 69 69 8 60 93 81 48 8 71 62 46 94 13 92 92 11 89 29 39 71 22 93 21 54 8 44 80 
80 69 86 78 53 39 90 2 12 43 16 91 9 21 70 35 96 7 35 36 71 49 63 24 41 60 4 67 89 11 
23 21 54 10 30 12 65 47 16 39 72 67 66 45 98 31 12 86 70 59 33 19 20 69 11 55 72 62 6 74 
29 9 17 91 55 49 27 10 8 85 54 23 47 64 70 28 52 63 30 70 13 7 53 44 74 16 36 7 44 39 
84 70 13 19 0 7 31 13 60 59 34 52 74 50 39 11 3 27 23 33 76 98 73 16 46 36 70 68 62 45 
35 85 54 52 55 9 54 27 77 57 0 68 20 48 6 6 51 66 76 97 36 15 15 26 45 83 51 32 72 1 
75 30 20 73 70 81 42 4 74 52 38 68 4 58 63 81 40 72 82 64 36 58 91 33 21 50 72 32 93 91 
65 2 20 12 75 52 22 87 35 82 65 24 8 61 15 70 86 62 27 21 32 23 65 0 58 71 80 8 47 21 
82 86 58 58 6 34 72 56 36 68 67 79 44 30 26 81 60 61 36 7 81 17 97 40 82 77 84 63 88 83 
10 32 14 9 85 63 99 33 83 95 73 88 45 80 36 96 84 3 54 7 81 37 74 15 74 90 42 12 87 1 
52 98 50 82 73 66 0 14 30 35 78 60 31 77 49 31 81 91 20 32 97 99 14 77 42 66 57 29 35 96 
60 29 93 18 6 14 26 85 83 16 87 60 25 22 44 36 35 28 27 28 19 2 76 46 52 57 80 10 38 92 
87 86 69 49 37 51 62 3 27 8 38 74 22 21 90 31 80 28 30 24 34 60 18 76 62 75 33 12 43 80 
8 94 62 5 53 13 27 47 53 52 16 95 91 2 46 22 40 16 45 88 34 25 72 84 0 49 15 29 22 82 
50 2 56 30 56 46 24 33 13 97 62 95 20 22 91 16 33 60 38 88 80 16 22 94 24 36 97 43 77 69 
5 11 78 92 71 75 5 68 68 71 57 38 20 94 51 84 12 38 16 22 45 35 64 78 41 48 82 99 90 12 
78 72 91 48 68 62 39 83 79 95 46 48 33 44 7 43 6 93 50 93 89 89 23 28 8 9 14 56 50 94 
7 38 36 34 15 45 17 11 45 88 84 22 90 35 24 34 51 65 69 77 26 13 9 35 30 13 62 12 34 46 
42 86 25 33 51 67 32 62 89 36 71 2 61 8 7 62 26 70 29 10 11 82 83 34 91 25 23 20 11 54 
70 97 83 82 71 40 11 1 23 62 4 21 99 20 90 81 77 12 45 55 65 62 86 72 87 95 14 17 60 57 
75 73 64 44 11 31 18 31 90 81 92 12 46 46 10 14 83 36 52 21 97 33 32 32 37 25 31 41 14 58 
93 12 13 70 31 78 72 26 90 6 48 73 66 83 59 81 82 36 92 34 59 82 10 92 54 61 91 40 26 23 
93 93 76 51 17 17 58 44 26 98 57 96 30 56 96 54 46 89 92 20 1 5 0 42 23 62 0 19 62 32 
11 95 9 53 60 23 15 51 8 40 40 25 39 63 68 29 55 6 75 25 15 76 32 45 47 3 86 15 88 8 

1028 3001 2166 1537 1133 3328 2317 3184 954 773 3189 2979 565 605 3256 1031 818 1017 903 333 2288 585 2023 3147 2636 2693 2050 2746 3057 3180 

4546 4131 5875 3684 3565 5266 2758 1210 5064 4739 6183 3097 3579 2624 1964 4706 5603 4766 5979 1725 2356 2846 5265 1407 5384 4366 2360 1681 5851 3748 