90
30

56 21 53 15 83 27 9 48 29 92 16 22 51 53 60 68 89 17 45 20 41 3 68 71 27 89 32 74 41 62 
21 46 46 99 77 28 92 38 31 15 46 23 75 45 64 8 97 16 50 79 96 78 78 25 56 4 73 48 57 52 
75 12 30 67 38 70 98 72 28 6 67 70 32 1 38 40 90 83 75 5 7 48 33 99 3 47 48 71 27 68 
26 95 28 86 92 70 54 29 90 50 40 2 35 13 86 57 66 66 53 7 42 59 25 30 93 38 95 86 12 63 
5 63 36 87 24 30 79 44 52 42 99 17 89 40 2 75 93 40 42 88 33 97 46 87 4 96 84 2 47 2 
64 1 11 66 8 20 52 83 65 63 25 37 46 85 46 75 83 15 24 16 74 73 75 63 34 75 81 86 89 56 
59 97 69 33 36 27 86 91 61 78 20 76 3 13 25 20 94 8 43 24 38 70 93 94 81 9 51 87 29 6 
62 17 45 17 40 39 52 14 38 98 59 39 13 14 51 36 3 41 27 77 95 21 76 0 54 30 17 28 40 70 
57 29 33 57 29 47 40 29 23 9 55 49 17 80 12 89 72 36 21 23 49 66 98 54 69 26 34 63 8 9 
44 49 7 97 5 5 45 17 77 41 95 15 52 51 67 11 83 89 1 14 93 97 75 0 63 3 32 82 35 79 
42 30 1 28 62 17 54 42 40 98 12 44 2 49 67 20 0 31 90 85 13 35 8 47 31 46 47 76 65 20 
83 72 67 63 51 94 37 64 28 5 70 2 50 37 62 48 62 75 71 33 96 26 17 34 26 12 55 13 57 11 
56 9 24 36 90 72 32 8 84 81 51 85 3 85 48 47 80 64 20 40 92 2 62 41 58 12 81 85 94 52 
47 76 77 35 30 74 82 11 77 17 92 78 19 29 17 45 9 32 47 68 52 44 40 15 49 40 17 37 82 15 
8 58 20 69 88 3 98 92 73 30 23 43 84 30 2 38 2 22 86 79 40 46 88 19 50 41 14 10 11 44 
11 6 67 67 28 16 32 34 45 99 54 68 0 90 22 82 42 66 58 97 79 6 22 4 84 3 19 40 14 19 
94 35 21 15 52 55 71 74 42 65 13 12 78 58 40 40 0 45 58 24 97 94 37 59 42 62 19 40 5 67 
4 17 53 80 42 55 55 44 97 31 34 51 67 50 59 25 72 57 50 97 37 78 42 81 58 14 34 60 94 76 
27 68 38 29 15 16 74 93 78 96 4 2 9 65 98 38 71 84 23 83 42 84 45 46 25 66 89 78 19 53 
35 63 65 79 67 64 40 47 94 50 35 16 35 33 58 96 16 5 48 45 21 40 77 18 17 3 90 98 23 86 
3 15 92 59 59 31 42 9 24 45 50 4 51 51 86 0 54 52 57 85 87 9 89 29 97 79 65 77 94 72 
5 3 78 36 36 24 11 46 12 30 1 47 64 86 61 88 99 8 57 56 81 17 46 70 50 33 76 14 72 53 
1 22 24 26 24 24 64 24 84 39 23 73 39 59 31 81 13 61 63 92 15 49 71 44 42 13 27 13 27 38 
95 69 89 26 21 78 5 3 95 31 1 16 23 65 43 55 20 31 63 41 18 17 59 90 32 15 54 15 38 9 
97 31 64 17 47 2 84 15 70 16 72 20 47 76 54 10 52 73 75 30 80 45 52 77 8 55 94 82 22 46 
3 41 69 42 85 46 72 13 51 21 57 21 60 70 66 10 59 96 45 22 9 30 44 30 0 97 65 35 10 2 
48 69 37 11 63 87 34 57 75 63 5 8 86 94 50 67 66 1 80 86 32 75 14 33 44 97 47 29 22 41 
55 39 92 37 57 98 34 50 63 9 76 98 81 22 67 30 55 0 13 24 56 25 63 74 51 1 83 87 26 58 
54 0 31 57 78 98 76 61 73 79 95 12 8 5 61 35 94 39 11 63 37 47 24 38 21 28 56 47 71 84 
17 97 23 56 60 30 89 89 6 41 8 92 29 33 12 15 74 51 45 48 77 55 25 30 21 29 27 13 40 39 
33 16 51 88 77 71 88 34 70 42 58 55 2 75 36 93 43 1 1 1 88 3 39 81 28 24 82 82 36 72 
85 1 2 51 6 3 49 23 87 48 26 79 39 3 54 78 61 68 65 78 68 48 74 67 1 47 57 74 40 60 
42 15 47 12 24 99 7 46 61 8 49 60 25 16 59 63 99 21 22 89 54 2 51 85 40 18 95 66 85 15 
27 6 72 19 57 5 54 15 31 48 17 39 91 58 92 60 23 92 8 89 10 40 95 73 75 33 11 53 74 58 
43 77 72 44 90 30 17 66 60 92 1 70 8 47 55 39 18 10 35 30 87 36 90 62 87 32 11 43 97 86 
16 43 26 80 4 76 96 59 5 38 18 69 88 4 14 78 3 1 50 59 97 92 81 82 1 49 38 63 82 97 
92 48 20 49 89 36 50 85 25 85 71 18 18 25 12 71 97 98 23 49 0 90 12 77 67 15 56 51 66 91 
56 5 78 87 11 7 47 51 36 31 50 55 38 57 60 83 43 21 7 88 26 92 38 79 78 61 61 90 38 71 
2 84 52 8 24 68 37 54 76 23 85 57 78 81 3 63 54 5 98 35 79 48 45 44 97 95 93 1 12 29 
7 67 87 52 35 75 81 75 68 31 16 39 20 85 52 45 38 95 22 98 42 22 35 92 39 23 70 98 55 32 
8 20 95 54 73 48 21 8 90 6 99 84 63 82 60 14 53 94 85 70 95 11 89 23 82 55 89 53 10 41 
58 70 71 21 8 0 24 66 73 34 76 79 47 63 78 26 26 26 96 43 62 57 19 34 3 6 12 87 99 60 
32 68 95 12 60 54 25 26 12 43 3 15 50 28 54 22 80 37 35 82 32 74 60 82 47 99 92 71 7 56 
96 78 13 17 58 32 69 12 99 11 23 57 71 37 9 4 83 23 52 73 3 21 49 37 43 25 43 83 18 46 
29 47 33 43 89 17 37 86 28 51 54 86 53 30 85 21 36 75 24 29 35 83 44 63 70 49 49 20 86 2 
88 91 32 61 85 98 59 90 21 7 4 96 92 38 8 24 3 13 0 28 88 10 33 12 71 7 55 92 89 56 
61 14 58 92 50 19 48 89 79 48 98 10 98 41 84 9 6 46 30 93 57 65 10 39 10 92 96 33 98 18 
48 77 68 23 33 68 9 56 45 67 72 98 52 89 50 44 77 95 76 43 19 68 47 6 47 96 91 52 28 0 
30 46 83 81 14 71 66 67 15 26 22 88 15 38 67 19 33 32 91 46 57 4 73 75 98 89 83 62 61 10 
76 46 19 59 27 21 20 44 58 65 65 1 46 12 53 58 27 51 58 0 18 69 0 62 44 82 20 68 22 27 
69 78 46 89 68 12 83 6 18 70 60 69 39 67 10 6 86 40 11 19 69 7 26 22 65 90 29 84 15 14 
92 82 21 59 43 27 16 22 30 98 48 21 69 17 3 31 29 38 78 59 0 37 50 83 54 22 26 6 78 9 
66 17 47 26 87 48 70 37 37 78 20 14 64 7 33 73 11 14 41 84 53 82 70 96 18 23 15 38 66 67 
85 12 43 81 61 60 96 34 31 78 43 34 79 26 29 84 48 35 1 57 10 23 97 67 98 68 26 90 98 93 
79 75 95 79 4 32 34 90 40 97 24 85 80 9 4 60 18 48 56 28 96 16 21 39 56 65 59 5 65 13 
62 68 70 71 2 27 90 8 88 29 69 8 49 76 31 94 68 99 17 39 50 6 9 64 83 20 37 21 26 40 
60 89 40 95 54 42 47 99 31 68 69 92 96 32 3 47 14 44 16 77 23 38 70 56 35 94 28 60 8 69 
69 82 74 83 41 63 61 15 19 70 40 85 47 0 96 26 82 74 85 81 67 86 42 67 7 91 56 14 14 58 
97 37 60 23 2 26 44 14 26 59 57 46 18 53 13 78 2 39 80 12 33 95 14 70 94 93 96 57 40 48 
18 15 96 45 66 33 79 16 4 48 99 85 47 61 51 80 85 56 9 11 89 98 85 43 22 31 7 24 24 27 
43 40 45 39 55 5 54 63 75 20 49 15 41 48 25 77 12 93 1 70 75 75 1 45 3 51 31 22 23 9 
26 4 3 50 20 43 85 21 90 42 94 70 78 23 21 44 75 90 57 35 25 59 16 58 4 49 87 9 53 54 
91 41 84 23 48 54 93 43 59 89 37 80 78 66 68 34 21 10 27 22 32 66 44 66 10 75 87 84 69 76 
75 89 75 53 30 47 89 48 38 61 12 99 56 66 5 76 65 65 35 28 63 26 66 65 67 42 97 38 37 5 
21 78 56 48 48 22 42 68 23 42 51 23 37 31 10 70 86 34 91 85 66 19 12 85 75 27 28 39 77 48 
37 45 48 8 28 3 93 68 50 9 36 65 52 60 90 58 56 40 73 42 40 22 27 49 51 11 62 63 84 15 
11 99 71 17 93 26 0 82 5 50 29 21 96 63 86 7 88 46 52 5 48 69 81 56 46 25 6 46 13 4 
14 34 21 78 21 16 33 61 49 69 92 72 6 88 60 99 17 5 8 50 54 71 34 50 55 21 57 96 50 62 
3 96 24 63 89 62 67 13 82 6 30 1 69 79 52 20 69 53 39 99 88 22 16 28 88 90 78 8 10 52 
7 61 90 2 38 75 59 23 87 62 91 23 69 70 64 59 91 58 50 22 63 38 28 3 91 42 2 58 37 62 
61 28 48 73 22 4 9 46 37 22 58 94 45 42 67 23 16 41 92 74 18 22 27 77 89 27 30 61 4 92 
95 81 80 0 92 59 29 0 11 58 88 17 55 22 66 59 97 62 75 97 73 69 71 84 93 75 90 19 83 12 
61 98 87 19 47 84 7 10 29 6 40 97 39 52 53 38 11 37 6 43 1 41 4 72 96 57 44 95 15 99 
97 0 72 46 22 86 53 43 9 46 25 53 18 55 77 69 24 11 75 6 15 77 67 29 98 43 64 6 88 5 
6 76 20 13 74 77 81 44 1 76 64 16 6 92 89 28 50 98 38 95 87 65 18 29 53 60 20 73 31 16 
56 80 67 53 95 15 40 96 22 11 3 30 85 1 48 89 20 15 69 64 64 18 12 79 81 21 55 74 82 80 
41 87 2 96 64 26 67 53 78 78 72 61 84 91 33 9 12 29 3 21 3 81 71 93 52 79 47 26 76 54 
46 14 24 37 4 37 22 81 78 52 32 62 34 20 77 87 18 79 46 13 53 58 85 59 23 8 44 65 28 75 
32 25 21 54 95 0 64 89 28 97 66 16 83 57 85 71 29 90 99 80 81 59 8 39 5 97 86 33 61 4 
14 53 48 54 64 7 53 29 7 43 29 47 72 31 48 38 73 50 97 12 83 10 38 3 29 82 18 89 22 19 
14 29 64 97 62 50 81 12 88 93 80 98 35 93 32 60 77 48 22 49 48 10 26 98 22 98 0 13 37 19 
93 93 46 41 13 3 23 64 28 37 71 78 56 53 15 91 82 48 61 95 27 14 61 81 32 0 22 15 32 60 
38 63 58 66 40 8 70 18 89 92 8 79 61 88 29 15 0 89 55 18 22 57 59 46 26 64 52 5 16 39 
54 56 57 92 76 25 11 67 16 46 30 67 72 66 3 44 18 95 80 28 85 73 21 78 61 0 42 42 87 28 
68 77 23 38 91 65 3 38 14 18 5 44 27 69 20 54 29 83 65 6 9 40 1 98 53 67 48 86 21 39 
88 18 24 48 18 50 97 37 94 54 38 31 67 25 73 18 0 29 54 62 35 71 0 49 34 53 51 5 12 70 
87 21 50 49 21 93 39 39 94 53 3 0 6 45 2 57 69 76 10 9 81 52 18 13 27 73 10 82 83 36 
16 71 71 96 21 30 79 67 14 57 62 51 82 84 80 62 86 61 30 47 94 39 99 44 25 61 25 19 57 8 
52 73 96 62 18 16 95 94 4 43 91 60 43 62 81 92 57 54 68 13 80 79 47 95 82 43 92 50 91 90 
98 30 98 95 63 74 83 73 15 8 89 12 42 9 36 6 49 91 69 59 70 46 56 61 10 82 91 74 79 18 

46 76 83 21 64 45 52 70 87 88 35 7 99 82 72 77 36 15 21 6 23 56 80 54 27 75 58 9 21 87 
38 41 89 35 96 44 11 26 49 70 14 96 62 91 65 54 28 70 68 45 4 23 62 34 67 89 47 76 24 62 
90 52 88 33 72 79 4 55 91 9 92 29 32 97 30 69 53 89 5 1 72 58 5 0 38 0 16 69 20 64 
62 13 61 74 4 66 62 63 64 82 10 45 66 71 56 76 0 69 8 89 37 64 96 4 78 7 25 39 97 97 
17 94 8 6 23 60 81 87 38 85 79 82 57 4 81 26 61 10 33 1 11 22 31 7 0 77 27 38 80 55 
6 77 67 14 95 64 99 89 91 95 90 84 2 43 10 73 67 25 82 67 86 53 78 22 70 35 53 13 2 23 
49 70 61 20 62 65 57 92 49 3 76 46 18 43 33 82 31 58 80 7 18 9 16 93 64 94 9 4 37 91 
5 18 63 21 5 43 56 78 23 72 70 14 53 52 33 85 23 45 70 80 99 15 25 90 79 69 56 5 74 27 
43 30 83 9 38 63 3 63 60 78 24 67 93 0 11 75 59 78 67 9 60 77 26 96 23 55 28 9 80 93 
69 71 74 94 33 13 78 69 43 8 49 82 86 20 87 6 15 37 27 29 13 80 24 5 86 1 91 42 14 20 
97 62 69 59 44 85 2 76 69 29 39 4 60 0 37 52 54 46 0 10 83 89 55 94 66 38 29 88 70 80 
88 89 3 83 21 67 78 53 81 73 88 49 25 88 87 31 0 65 36 99 78 25 81 51 35 16 79 66 27 18 
63 93 99 83 32 94 48 25 10 84 14 10 94 52 61 97 88 69 99 41 6 12 32 65 88 50 46 42 43 97 
75 57 30 94 94 47 51 2 47 21 89 11 91 21 34 82 30 74 80 0 55 40 78 99 20 68 81 64 28 95 
20 54 94 76 96 90 19 8 65 79 84 95 71 7 51 71 40 94 37 69 44 2 88 5 98 41 71 27 47 12 
67 32 62 82 25 50 45 80 18 72 15 65 4 42 24 88 82 55 30 66 13 32 19 44 17 55 50 88 91 90 
86 55 2 35 5 37 36 59 24 55 34 23 78 67 21 12 29 11 20 97 10 90 9 23 5 88 58 90 54 55 
56 59 7 98 16 19 71 97 15 88 37 98 7 28 65 60 25 10 75 76 48 50 67 76 2 4 65 89 26 91 
65 24 18 92 32 86 45 28 68 56 76 27 52 85 77 31 25 85 79 96 64 25 1 98 80 50 93 40 21 93 
35 17 74 47 1 99 91 9 70 34 90 23 55 69 98 82 82 55 42 50 19 82 8 43 58 54 9 58 4 4 
57 39 98 7 8 39 3 48 28 95 20 41 16 27 13 14 64 49 58 7 37 32 54 39 30 56 50 61 3 60 
82 71 18 57 25 81 30 87 95 60 96 18 76 82 14 12 32 65 99 39 40 68 65 74 67 90 63 33 55 92 
95 35 97 24 9 71 24 36 41 41 22 10 60 92 65 18 34 42 19 31 15 95 61 3 20 86 15 13 54 85 
99 47 6 80 43 46 96 95 3 53 74 21 2 28 95 75 62 42 15 95 6 23 84 55 53 55 27 45 28 40 
58 65 58 60 41 6 36 29 8 37 68 87 0 12 26 2 88 66 91 75 80 69 44 61 38 45 46 47 53 97 
8 59 42 67 54 93 92 45 17 68 32 96 23 78 28 68 60 69 36 5 25 70 39 76 13 66 72 87 68 81 
96 53 34 13 84 30 60 35 36 44 51 61 17 65 72 42 98 9 42 24 47 77 86 6 88 48 11 65 40 94 
46 40 92 92 54 98 72 33 96 8 37 67 23 14 75 27 14 77 91 23 84 18 40 8 42 95 7 32 63 90 
58 71 6 86 14 60 92 67 6 98 31 63 45 96 46 36 76 58 51 59 21 64 72 53 46 64 13 77 65 96 
17 77 3 14 71 60 68 71 46 24 98 89 81 80 95 30 52 39 52 27 79 45 39 55 63 89 6 57 63 22 
15 20 44 68 12 14 64 83 99 5 87 32 67 12 13 70 8 85 0 44 96 93 95 72 31 85 91 38 72 38 
8 31 96 5 37 7 83 51 6 57 85 10 57 6 48 16 40 71 91 95 71 72 63 11 94 54 20 11 61 69 
6 2 11 32 34 68 15 46 77 1 15 63 44 2 74 15 83 91 26 53 39 10 69 51 67 24 70 88 64 55 
52 5 83 86 84 85 39 43 19 40 13 27 9 59 25 62 30 87 26 69 80 15 29 97 23 14 84 70 15 49 
58 8 17 22 88 68 88 79 9 80 13 48 73 90 4 88 17 39 88 99 44 26 62 86 28 42 83 99 50 77 
17 91 31 30 81 53 16 70 30 32 28 49 85 34 0 39 14 68 43 51 86 86 12 79 81 24 86 47 24 46 
65 68 67 50 52 43 44 85 73 54 67 94 63 36 47 69 95 16 53 0 61 81 35 38 17 87 92 18 40 32 
44 3 86 56 51 39 20 42 78 59 79 27 6 40 70 42 35 26 24 56 32 61 68 79 20 99 58 52 0 85 
14 31 66 20 33 46 55 53 76 85 31 71 61 35 99 81 90 89 5 83 12 87 60 11 94 65 99 66 44 17 
58 73 15 0 34 53 86 38 63 65 93 0 22 72 59 69 50 51 50 13 41 24 44 27 46 89 7 22 3 93 
95 68 68 59 39 8 17 64 87 20 57 28 80 79 44 68 23 61 9 20 62 69 47 37 68 87 96 12 9 4 
37 88 41 34 79 50 67 45 6 17 39 75 18 76 84 85 63 18 15 84 76 83 25 28 52 13 92 72 16 79 
39 31 79 13 25 84 90 82 66 15 18 83 4 78 25 22 88 45 19 38 7 55 97 66 25 80 9 52 84 76 
8 67 73 89 82 86 99 32 49 22 87 40 91 35 8 95 56 57 7 55 27 97 82 33 69 27 30 29 92 54 
73 87 76 34 20 32 70 78 27 31 49 66 69 61 88 54 35 86 87 55 98 77 73 19 35 18 37 50 99 1 
1 26 52 86 18 15 29 82 41 16 84 78 36 38 38 34 93 23 31 2 94 65 49 42 17 84 71 53 94 52 
73 34 58 80 71 44 34 29 81 26 69 82 55 13 0 95 3 32 17 31 4 85 48 22 85 46 93 25 5 23 
80 76 82 86 10 31 43 27 22 71 96 21 98 11 38 16 84 22 61 48 91 71 22 72 21 34 69 53 8 30 
66 56 86 99 38 33 25 1 42 90 76 17 27 89 48 93 39 11 75 33 94 89 73 42 14 90 83 94 98 95 
43 43 90 21 50 25 43 66 96 14 2 83 92 23 65 21 10 76 77 64 12 72 70 81 41 46 69 58 3 71 
6 71 52 60 27 29 59 87 82 94 39 1 18 46 61 25 38 73 51 57 81 82 79 14 44 67 98 91 38 90 
48 16 61 46 62 35 37 35 47 50 29 43 95 98 47 13 75 37 6 70 9 93 92 16 13 63 56 6 71 89 
34 88 82 59 70 53 76 75 90 35 99 8 40 57 26 42 6 8 23 54 69 3 99 92 61 57 95 51 31 76 
9 57 29 50 69 10 74 93 65 40 68 66 47 83 60 97 18 79 73 50 93 51 61 31 4 19 50 39 56 42 
82 71 86 15 56 65 71 58 49 32 80 48 65 10 70 29 20 40 82 57 87 48 72 82 51 80 86 92 33 40 
77 29 7 3 99 92 11 12 50 71 10 5 41 70 82 88 98 28 34 82 51 29 49 3 43 81 47 44 78 85 
92 78 85 34 89 99 67 16 48 65 63 99 4 14 42 32 36 66 8 93 5 35 82 55 20 11 90 60 90 81 
84 26 24 13 57 9 99 6 33 25 85 90 68 69 18 28 52 14 51 51 27 65 20 28 55 97 21 57 96 14 
58 21 87 98 35 50 18 37 92 87 66 57 99 43 22 90 72 82 13 51 64 91 27 17 54 8 73 22 35 20 
39 16 65 57 38 38 40 32 41 29 9 22 56 59 28 74 78 50 23 81 39 33 22 78 32 49 66 39 65 3 
7 70 99 17 61 51 64 39 68 48 49 26 79 9 15 79 72 24 88 16 64 94 19 5 83 45 13 94 1 1 
80 18 40 70 52 50 32 33 67 47 58 27 11 99 15 62 82 73 90 29 6 35 24 59 15 66 18 69 89 11 
91 93 92 46 1 76 73 27 0 98 18 65 60 41 46 48 17 13 18 99 4 13 79 34 67 81 63 70 5 67 
29 91 53 30 99 76 17 34 38 40 22 11 66 48 34 4 22 4 69 10 5 21 96 96 55 19 94 32 70 25 
36 0 48 54 91 45 23 97 74 84 17 60 92 1 31 7 51 72 54 28 44 21 53 7 9 86 83 77 42 51 
19 96 13 69 12 51 95 88 6 7 22 57 82 38 39 66 7 9 94 43 6 8 98 28 92 30 47 89 5 73 
84 45 66 99 49 19 33 60 39 25 17 4 69 78 1 4 29 72 61 72 57 59 91 64 75 31 77 68 75 97 
66 54 27 87 40 8 68 36 74 91 84 40 48 95 87 62 42 70 64 51 34 74 44 1 69 45 5 50 85 4 
18 99 8 43 16 18 44 50 5 51 45 83 79 35 12 88 7 16 72 25 81 1 40 42 71 96 50 30 1 17 
18 25 65 73 70 46 32 45 53 6 5 32 4 4 56 29 48 99 20 43 54 38 53 90 67 62 62 9 92 28 
65 87 0 22 62 90 91 49 91 45 17 15 26 95 58 53 33 57 17 47 81 34 52 61 90 52 76 73 57 50 
0 75 85 27 80 92 18 16 9 14 45 58 58 67 35 94 63 57 17 72 5 56 3 73 27 20 36 86 2 68 
2 71 31 41 33 24 30 37 2 4 58 86 82 96 73 8 10 26 23 74 97 43 19 54 61 38 38 26 74 61 
53 97 58 66 86 23 68 83 45 62 46 4 74 89 26 34 32 40 41 32 89 93 51 59 92 74 92 98 44 67 
19 13 9 61 93 70 17 47 35 23 43 77 41 55 88 25 38 16 78 17 29 94 63 28 41 24 78 54 91 14 
1 11 24 44 26 19 89 61 25 72 65 83 66 99 39 90 31 79 13 54 27 50 85 35 94 28 17 59 57 37 
19 40 65 6 80 24 33 84 38 60 57 82 73 18 79 46 53 33 32 13 84 26 70 4 31 23 80 69 13 2 
30 71 92 21 89 80 11 89 31 22 43 29 11 95 64 0 72 44 58 2 19 69 18 76 69 98 0 65 66 57 
49 11 24 6 91 94 25 39 77 44 94 56 17 72 31 57 25 19 57 22 89 4 19 69 19 19 62 7 38 12 
48 27 32 58 87 1 56 91 23 71 76 60 73 63 85 37 12 43 31 83 69 14 42 41 56 15 26 32 60 59 
98 58 67 45 54 34 91 16 90 33 32 43 39 74 88 72 82 12 96 58 43 13 68 59 75 7 52 89 16 65 
45 39 48 36 16 7 95 46 33 17 54 35 99 0 36 94 36 72 56 30 74 37 6 53 36 0 5 87 30 51 
0 30 75 84 64 26 35 36 17 19 32 75 73 2 71 69 72 91 84 1 64 62 83 46 54 60 79 85 12 58 
10 44 26 10 81 87 34 45 11 88 72 95 30 66 30 35 91 55 86 6 77 56 74 24 13 78 3 10 27 67 
35 91 9 86 76 52 67 97 56 56 81 47 96 32 94 69 72 24 1 44 56 45 29 87 65 76 98 58 60 95 
33 3 75 47 44 79 71 73 11 15 42 63 31 27 10 8 14 70 4 51 44 1 93 84 30 97 29 15 24 39 
13 26 72 56 94 80 31 2 66 55 62 99 12 11 94 71 24 16 2 57 94 94 57 71 46 63 42 48 65 85 
23 5 38 29 46 92 15 38 84 15 52 49 47 60 96 90 52 52 30 66 95 26 70 17 79 77 0 92 1 52 
87 70 75 69 99 48 77 84 21 59 13 57 56 72 62 65 39 28 35 74 10 86 53 74 21 83 47 25 74 45 
17 79 18 95 12 73 42 46 11 6 57 73 31 47 42 8 79 35 94 99 23 70 28 22 59 6 97 42 95 98 

1028 3001 2166 1537 1133 3328 2317 3184 954 773 3189 2979 565 605 3256 1031 818 1017 903 333 2288 585 2023 3147 2636 2693 2050 2746 3057 3180 

17060 23824 9612 8793 12220 4428 26833 22103 23918 18701 13140 11901 20608 23072 11974 16471 14465 4699 10652 26019 3447 19181 15127 26158 8842 24711 2273 10614 9804 26456 