90
30

56 21 53 15 83 27 9 48 29 92 16 22 51 53 60 68 89 17 45 20 41 3 68 71 27 89 32 74 41 62 
21 46 46 99 77 28 92 38 31 15 46 23 75 45 64 8 97 16 50 79 96 78 78 25 56 4 73 48 57 52 
75 12 30 67 38 70 98 72 28 6 67 70 32 1 38 40 90 83 75 5 7 48 33 99 3 47 48 71 27 68 
26 95 28 86 92 70 54 29 90 50 40 2 35 13 86 57 66 66 53 7 42 59 25 30 93 38 95 86 12 63 
5 63 36 87 24 30 79 44 52 42 99 17 89 40 2 75 93 40 42 88 33 97 46 87 4 96 84 2 47 2 
64 1 11 66 8 20 52 83 65 63 25 37 46 85 46 75 83 15 24 16 74 73 75 63 34 75 81 86 89 56 
59 97 69 33 36 27 86 91 61 78 20 76 3 13 25 20 94 8 43 24 38 70 93 94 81 9 51 87 29 6 
62 17 45 17 40 39 52 14 38 98 59 39 13 14 51 36 3 41 27 77 95 21 76 0 54 30 17 28 40 70 
57 29 33 57 29 47 40 29 23 9 55 49 17 80 12 89 72 36 21 23 49 66 98 54 69 26 34 63 8 9 
44 49 7 97 5 5 45 17 77 41 95 15 52 51 67 11 83 89 1 14 93 97 75 0 63 3 32 82 35 79 
42 30 1 28 62 17 54 42 40 98 12 44 2 49 67 20 0 31 90 85 13 35 8 47 31 46 47 76 65 20 
83 72 67 63 51 94 37 64 28 5 70 2 50 37 62 48 62 75 71 33 96 26 17 34 26 12 55 13 57 11 
56 9 24 36 90 72 32 8 84 81 51 85 3 85 48 47 80 64 20 40 92 2 62 41 58 12 81 85 94 52 
47 76 77 35 30 74 82 11 77 17 92 78 19 29 17 45 9 32 47 68 52 44 40 15 49 40 17 37 82 15 
8 58 20 69 88 3 98 92 73 30 23 43 84 30 2 38 2 22 86 79 40 46 88 19 50 41 14 10 11 44 
11 6 67 67 28 16 32 34 45 99 54 68 0 90 22 82 42 66 58 97 79 6 22 4 84 3 19 40 14 19 
94 35 21 15 52 55 71 74 42 65 13 12 78 58 40 40 0 45 58 24 97 94 37 59 42 62 19 40 5 67 
4 17 53 80 42 55 55 44 97 31 34 51 67 50 59 25 72 57 50 97 37 78 42 81 58 14 34 60 94 76 
27 68 38 29 15 16 74 93 78 96 4 2 9 65 98 38 71 84 23 83 42 84 45 46 25 66 89 78 19 53 
35 63 65 79 67 64 40 47 94 50 35 16 35 33 58 96 16 5 48 45 21 40 77 18 17 3 90 98 23 86 
3 15 92 59 59 31 42 9 24 45 50 4 51 51 86 0 54 52 57 85 87 9 89 29 97 79 65 77 94 72 
5 3 78 36 36 24 11 46 12 30 1 47 64 86 61 88 99 8 57 56 81 17 46 70 50 33 76 14 72 53 
1 22 24 26 24 24 64 24 84 39 23 73 39 59 31 81 13 61 63 92 15 49 71 44 42 13 27 13 27 38 
95 69 89 26 21 78 5 3 95 31 1 16 23 65 43 55 20 31 63 41 18 17 59 90 32 15 54 15 38 9 
97 31 64 17 47 2 84 15 70 16 72 20 47 76 54 10 52 73 75 30 80 45 52 77 8 55 94 82 22 46 
3 41 69 42 85 46 72 13 51 21 57 21 60 70 66 10 59 96 45 22 9 30 44 30 0 97 65 35 10 2 
48 69 37 11 63 87 34 57 75 63 5 8 86 94 50 67 66 1 80 86 32 75 14 33 44 97 47 29 22 41 
55 39 92 37 57 98 34 50 63 9 76 98 81 22 67 30 55 0 13 24 56 25 63 74 51 1 83 87 26 58 
54 0 31 57 78 98 76 61 73 79 95 12 8 5 61 35 94 39 11 63 37 47 24 38 21 28 56 47 71 84 
17 97 23 56 60 30 89 89 6 41 8 92 29 33 12 15 74 51 45 48 77 55 25 30 21 29 27 13 40 39 
33 16 51 88 77 71 88 34 70 42 58 55 2 75 36 93 43 1 1 1 88 3 39 81 28 24 82 82 36 72 
85 1 2 51 6 3 49 23 87 48 26 79 39 3 54 78 61 68 65 78 68 48 74 67 1 47 57 74 40 60 
42 15 47 12 24 99 7 46 61 8 49 60 25 16 59 63 99 21 22 89 54 2 51 85 40 18 95 66 85 15 
27 6 72 19 57 5 54 15 31 48 17 39 91 58 92 60 23 92 8 89 10 40 95 73 75 33 11 53 74 58 
43 77 72 44 90 30 17 66 60 92 1 70 8 47 55 39 18 10 35 30 87 36 90 62 87 32 11 43 97 86 
16 43 26 80 4 76 96 59 5 38 18 69 88 4 14 78 3 1 50 59 97 92 81 82 1 49 38 63 82 97 
92 48 20 49 89 36 50 85 25 85 71 18 18 25 12 71 97 98 23 49 0 90 12 77 67 15 56 51 66 91 
56 5 78 87 11 7 47 51 36 31 50 55 38 57 60 83 43 21 7 88 26 92 38 79 78 61 61 90 38 71 
2 84 52 8 24 68 37 54 76 23 85 57 78 81 3 63 54 5 98 35 79 48 45 44 97 95 93 1 12 29 
7 67 87 52 35 75 81 75 68 31 16 39 20 85 52 45 38 95 22 98 42 22 35 92 39 23 70 98 55 32 
8 20 95 54 73 48 21 8 90 6 99 84 63 82 60 14 53 94 85 70 95 11 89 23 82 55 89 53 10 41 
58 70 71 21 8 0 24 66 73 34 76 79 47 63 78 26 26 26 96 43 62 57 19 34 3 6 12 87 99 60 
32 68 95 12 60 54 25 26 12 43 3 15 50 28 54 22 80 37 35 82 32 74 60 82 47 99 92 71 7 56 
96 78 13 17 58 32 69 12 99 11 23 57 71 37 9 4 83 23 52 73 3 21 49 37 43 25 43 83 18 46 
29 47 33 43 89 17 37 86 28 51 54 86 53 30 85 21 36 75 24 29 35 83 44 63 70 49 49 20 86 2 
88 91 32 61 85 98 59 90 21 7 4 96 92 38 8 24 3 13 0 28 88 10 33 12 71 7 55 92 89 56 
61 14 58 92 50 19 48 89 79 48 98 10 98 41 84 9 6 46 30 93 57 65 10 39 10 92 96 33 98 18 
48 77 68 23 33 68 9 56 45 67 72 98 52 89 50 44 77 95 76 43 19 68 47 6 47 96 91 52 28 0 
30 46 83 81 14 71 66 67 15 26 22 88 15 38 67 19 33 32 91 46 57 4 73 75 98 89 83 62 61 10 
76 46 19 59 27 21 20 44 58 65 65 1 46 12 53 58 27 51 58 0 18 69 0 62 44 82 20 68 22 27 
69 78 46 89 68 12 83 6 18 70 60 69 39 67 10 6 86 40 11 19 69 7 26 22 65 90 29 84 15 14 
92 82 21 59 43 27 16 22 30 98 48 21 69 17 3 31 29 38 78 59 0 37 50 83 54 22 26 6 78 9 
66 17 47 26 87 48 70 37 37 78 20 14 64 7 33 73 11 14 41 84 53 82 70 96 18 23 15 38 66 67 
85 12 43 81 61 60 96 34 31 78 43 34 79 26 29 84 48 35 1 57 10 23 97 67 98 68 26 90 98 93 
79 75 95 79 4 32 34 90 40 97 24 85 80 9 4 60 18 48 56 28 96 16 21 39 56 65 59 5 65 13 
62 68 70 71 2 27 90 8 88 29 69 8 49 76 31 94 68 99 17 39 50 6 9 64 83 20 37 21 26 40 
60 89 40 95 54 42 47 99 31 68 69 92 96 32 3 47 14 44 16 77 23 38 70 56 35 94 28 60 8 69 
69 82 74 83 41 63 61 15 19 70 40 85 47 0 96 26 82 74 85 81 67 86 42 67 7 91 56 14 14 58 
97 37 60 23 2 26 44 14 26 59 57 46 18 53 13 78 2 39 80 12 33 95 14 70 94 93 96 57 40 48 
18 15 96 45 66 33 79 16 4 48 99 85 47 61 51 80 85 56 9 11 89 98 85 43 22 31 7 24 24 27 
43 40 45 39 55 5 54 63 75 20 49 15 41 48 25 77 12 93 1 70 75 75 1 45 3 51 31 22 23 9 
26 4 3 50 20 43 85 21 90 42 94 70 78 23 21 44 75 90 57 35 25 59 16 58 4 49 87 9 53 54 
91 41 84 23 48 54 93 43 59 89 37 80 78 66 68 34 21 10 27 22 32 66 44 66 10 75 87 84 69 76 
75 89 75 53 30 47 89 48 38 61 12 99 56 66 5 76 65 65 35 28 63 26 66 65 67 42 97 38 37 5 
21 78 56 48 48 22 42 68 23 42 51 23 37 31 10 70 86 34 91 85 66 19 12 85 75 27 28 39 77 48 
37 45 48 8 28 3 93 68 50 9 36 65 52 60 90 58 56 40 73 42 40 22 27 49 51 11 62 63 84 15 
11 99 71 17 93 26 0 82 5 50 29 21 96 63 86 7 88 46 52 5 48 69 81 56 46 25 6 46 13 4 
14 34 21 78 21 16 33 61 49 69 92 72 6 88 60 99 17 5 8 50 54 71 34 50 55 21 57 96 50 62 
3 96 24 63 89 62 67 13 82 6 30 1 69 79 52 20 69 53 39 99 88 22 16 28 88 90 78 8 10 52 
7 61 90 2 38 75 59 23 87 62 91 23 69 70 64 59 91 58 50 22 63 38 28 3 91 42 2 58 37 62 
61 28 48 73 22 4 9 46 37 22 58 94 45 42 67 23 16 41 92 74 18 22 27 77 89 27 30 61 4 92 
95 81 80 0 92 59 29 0 11 58 88 17 55 22 66 59 97 62 75 97 73 69 71 84 93 75 90 19 83 12 
61 98 87 19 47 84 7 10 29 6 40 97 39 52 53 38 11 37 6 43 1 41 4 72 96 57 44 95 15 99 
97 0 72 46 22 86 53 43 9 46 25 53 18 55 77 69 24 11 75 6 15 77 67 29 98 43 64 6 88 5 
6 76 20 13 74 77 81 44 1 76 64 16 6 92 89 28 50 98 38 95 87 65 18 29 53 60 20 73 31 16 
56 80 67 53 95 15 40 96 22 11 3 30 85 1 48 89 20 15 69 64 64 18 12 79 81 21 55 74 82 80 
41 87 2 96 64 26 67 53 78 78 72 61 84 91 33 9 12 29 3 21 3 81 71 93 52 79 47 26 76 54 
46 14 24 37 4 37 22 81 78 52 32 62 34 20 77 87 18 79 46 13 53 58 85 59 23 8 44 65 28 75 
32 25 21 54 95 0 64 89 28 97 66 16 83 57 85 71 29 90 99 80 81 59 8 39 5 97 86 33 61 4 
14 53 48 54 64 7 53 29 7 43 29 47 72 31 48 38 73 50 97 12 83 10 38 3 29 82 18 89 22 19 
14 29 64 97 62 50 81 12 88 93 80 98 35 93 32 60 77 48 22 49 48 10 26 98 22 98 0 13 37 19 
93 93 46 41 13 3 23 64 28 37 71 78 56 53 15 91 82 48 61 95 27 14 61 81 32 0 22 15 32 60 
38 63 58 66 40 8 70 18 89 92 8 79 61 88 29 15 0 89 55 18 22 57 59 46 26 64 52 5 16 39 
54 56 57 92 76 25 11 67 16 46 30 67 72 66 3 44 18 95 80 28 85 73 21 78 61 0 42 42 87 28 
68 77 23 38 91 65 3 38 14 18 5 44 27 69 20 54 29 83 65 6 9 40 1 98 53 67 48 86 21 39 
88 18 24 48 18 50 97 37 94 54 38 31 67 25 73 18 0 29 54 62 35 71 0 49 34 53 51 5 12 70 
87 21 50 49 21 93 39 39 94 53 3 0 6 45 2 57 69 76 10 9 81 52 18 13 27 73 10 82 83 36 
16 71 71 96 21 30 79 67 14 57 62 51 82 84 80 62 86 61 30 47 94 39 99 44 25 61 25 19 57 8 
52 73 96 62 18 16 95 94 4 43 91 60 43 62 81 92 57 54 68 13 80 79 47 95 82 43 92 50 91 90 
98 30 98 95 63 74 83 73 15 8 89 12 42 9 36 6 49 91 69 59 70 46 56 61 10 82 91 74 79 18 

2 80 98 74 0 17 94 41 89 16 95 96 95 7 27 26 27 16 31 88 74 18 71 53 2 36 90 41 19 16 
13 15 73 37 96 25 94 30 69 17 83 17 15 56 16 95 3 23 23 17 43 84 55 64 43 36 37 87 90 99 
92 85 79 84 69 28 58 62 10 55 71 31 52 2 14 40 32 36 37 10 51 6 53 79 10 37 43 62 34 20 
61 79 41 78 84 11 4 21 63 96 49 5 57 44 59 65 74 63 88 89 33 14 4 44 37 28 8 85 14 67 
10 0 59 8 51 63 95 78 6 20 36 69 98 7 9 16 25 92 77 17 60 82 73 19 90 33 21 10 6 70 
24 90 41 84 40 95 42 78 54 21 9 76 51 54 33 10 28 17 34 62 3 75 63 10 9 61 25 19 76 39 
45 72 64 77 66 22 59 28 72 25 77 27 61 80 31 52 11 77 44 19 28 44 31 90 46 34 68 34 37 89 
26 54 52 89 46 78 84 56 68 74 33 75 51 43 20 65 47 94 80 89 5 97 14 3 37 94 95 84 50 84 
64 74 41 28 43 36 8 46 56 19 19 80 54 65 38 68 56 7 18 40 70 43 87 35 56 92 97 99 32 57 
30 12 57 44 39 60 15 43 12 41 3 37 60 73 0 1 75 55 49 24 13 82 98 57 86 18 81 60 85 97 
15 14 53 76 76 13 88 82 54 61 40 26 7 30 40 59 71 54 69 13 90 76 48 39 70 61 24 38 77 46 
73 59 38 87 42 85 92 39 3 52 32 55 1 70 10 7 6 25 5 63 3 6 80 65 87 60 72 6 44 90 
92 80 32 36 29 75 88 6 89 19 48 61 6 9 26 45 18 71 3 36 73 35 32 51 34 37 45 27 82 59 
15 75 37 88 30 58 55 40 61 59 59 94 36 28 20 23 69 31 95 17 73 39 85 43 86 21 74 76 82 48 
59 4 28 97 80 85 35 37 16 17 0 19 6 46 28 2 2 14 8 8 66 32 59 57 84 29 67 44 36 13 
8 61 52 42 97 67 54 78 14 62 51 4 20 15 47 1 33 62 67 19 45 65 19 95 0 97 51 99 51 1 
66 19 84 35 94 91 61 99 51 69 31 3 33 68 9 33 8 26 9 17 17 88 4 93 1 77 36 42 3 30 
88 29 20 6 14 70 2 88 80 13 23 50 49 10 70 42 27 11 25 30 61 4 39 91 34 88 21 43 3 57 
91 63 0 21 65 30 56 92 83 85 41 31 86 6 28 11 9 27 10 43 46 64 46 91 5 15 5 52 48 48 
38 87 4 9 83 21 81 88 12 59 28 52 51 83 14 13 29 15 30 93 64 77 32 23 65 75 75 63 15 91 
14 40 73 54 65 43 8 31 57 21 36 59 12 77 42 2 44 40 10 11 50 72 73 17 52 41 71 85 93 56 
79 16 9 59 42 62 35 10 17 6 94 10 27 8 99 64 69 26 71 50 28 68 23 70 90 21 86 98 63 77 
90 33 42 40 87 38 75 94 10 20 27 57 2 80 35 54 38 34 12 97 55 94 37 32 36 54 44 0 27 13 
90 36 82 47 68 86 60 1 2 13 22 53 29 48 4 97 58 72 64 27 72 63 14 20 91 32 16 62 37 23 
78 48 49 81 73 72 46 76 2 64 50 62 38 53 85 98 34 69 42 70 96 98 74 76 27 64 43 75 23 97 
43 11 51 10 84 56 51 98 89 41 50 38 46 61 63 33 32 83 36 46 81 82 41 20 69 92 36 58 42 47 
54 32 12 41 73 43 91 37 91 31 31 15 99 22 13 14 36 73 81 31 65 23 19 74 92 84 27 73 42 22 
37 16 41 4 66 43 78 38 10 30 52 94 33 35 6 10 76 1 33 19 16 26 87 34 46 41 28 98 46 85 
8 71 76 28 53 20 99 5 14 25 33 69 81 30 77 47 89 88 55 84 65 87 93 5 78 57 2 9 12 86 
44 99 56 13 4 8 95 51 81 67 37 78 99 19 11 96 69 97 28 34 71 4 80 57 44 63 28 10 77 31 
95 90 65 89 73 45 65 63 7 38 55 23 16 13 94 74 59 69 38 38 61 16 42 81 62 79 72 47 35 56 
5 92 13 70 74 37 3 59 2 78 66 88 35 25 31 86 56 60 31 40 37 28 91 98 84 16 29 67 56 58 
8 98 74 6 89 0 61 26 52 38 56 18 84 76 12 76 72 99 67 28 15 19 43 30 79 34 13 87 37 5 
45 55 69 82 15 16 30 76 39 47 87 57 66 27 9 42 48 36 39 93 62 64 89 35 56 9 48 69 42 56 
78 42 65 48 50 97 12 95 30 8 45 93 38 84 71 30 26 96 79 20 46 52 22 79 14 30 98 38 81 43 
84 61 79 97 13 5 92 74 95 48 69 23 39 64 92 78 6 32 55 14 15 96 15 4 75 17 38 67 17 93 
23 86 49 21 3 54 60 47 50 83 42 5 14 67 3 63 1 91 7 16 51 38 39 88 81 16 1 50 94 24 
82 54 79 21 46 35 49 64 52 48 88 41 81 30 16 2 46 98 75 68 6 45 8 79 6 73 88 0 25 81 
4 97 87 7 16 64 83 81 52 46 6 41 82 5 88 15 13 7 96 83 86 44 35 64 53 15 48 85 93 8 
23 40 72 99 49 42 62 21 65 18 82 87 14 9 17 72 86 81 28 79 8 34 66 49 24 94 50 89 67 11 
62 37 19 91 90 60 9 55 5 93 97 83 48 39 41 94 92 86 49 79 72 32 59 74 11 2 2 38 98 15 
40 93 73 22 83 24 36 28 30 45 93 71 81 93 92 24 26 89 15 29 98 92 39 96 50 30 74 16 95 79 
35 71 17 28 15 45 36 59 74 67 99 16 38 39 18 45 92 28 80 43 4 28 1 29 12 21 4 34 72 98 
30 78 31 3 22 68 87 26 48 49 52 59 28 78 11 74 9 17 64 6 88 61 90 49 78 31 58 70 69 22 
81 43 29 77 94 24 52 20 1 30 35 72 7 2 50 43 43 42 51 65 58 82 11 2 15 3 95 68 30 28 
16 36 38 41 16 98 68 16 78 43 78 64 62 39 59 14 24 31 28 6 40 25 60 42 78 78 30 43 65 41 
68 93 39 20 42 74 10 41 33 25 42 55 49 74 45 90 16 27 29 65 19 17 72 12 93 45 98 58 98 62 
53 78 96 83 56 25 53 15 31 88 3 68 64 24 60 53 45 93 72 93 71 72 32 21 40 23 17 14 47 64 
92 99 71 39 27 31 8 7 90 31 97 98 31 26 33 77 64 32 73 49 5 78 77 85 43 54 35 33 24 39 
80 73 99 30 78 12 56 89 60 26 36 79 23 12 3 48 14 92 26 86 89 86 80 67 0 40 88 46 49 96 
46 79 21 19 14 78 82 17 69 26 99 45 33 11 23 49 44 52 44 5 22 34 0 61 50 63 13 80 65 18 
69 48 48 58 71 87 43 5 42 1 32 27 38 33 83 68 12 9 12 20 35 4 41 33 63 64 49 85 15 52 
32 84 82 2 34 68 2 19 4 18 63 43 2 94 12 66 51 85 0 70 3 4 70 33 80 87 82 13 3 69 
27 6 10 49 75 52 40 71 60 11 25 63 97 50 19 49 78 21 62 89 97 93 47 22 9 91 47 37 11 53 
19 69 95 99 79 12 31 72 42 91 66 13 47 31 49 60 10 28 18 82 2 99 10 15 12 59 83 31 64 70 
51 64 92 57 88 90 80 63 32 16 50 23 12 33 20 53 68 39 89 86 39 36 18 27 48 55 1 67 96 60 
61 15 52 52 3 19 96 46 16 84 60 16 8 28 65 28 4 3 53 84 52 94 67 76 18 75 14 10 53 67 
27 42 80 41 12 52 18 61 36 35 50 50 93 86 0 35 64 16 74 98 53 23 86 42 57 0 70 40 12 58 
42 45 27 93 73 61 79 33 91 5 47 34 7 27 10 17 43 38 25 64 11 97 63 9 61 34 82 9 5 9 
45 56 80 54 22 85 5 29 47 88 60 92 90 21 71 74 86 82 90 0 32 98 9 0 29 31 33 95 43 10 
14 63 12 41 13 18 10 46 50 43 61 45 49 77 52 80 89 42 97 33 33 52 47 96 75 50 42 2 45 64 
61 15 47 73 12 30 24 23 63 55 95 41 12 58 69 36 41 0 69 76 15 0 95 90 3 91 25 32 44 69 
26 0 83 39 17 4 43 20 32 25 28 50 34 4 41 13 17 58 91 74 77 9 11 96 40 78 9 73 84 73 
26 6 88 77 77 3 99 12 1 85 91 48 22 20 76 57 37 23 73 53 57 1 43 71 56 11 64 48 43 84 
92 44 24 17 34 86 38 33 25 47 78 83 91 80 38 12 40 63 38 34 8 45 18 82 57 80 18 15 1 99 
61 22 97 54 27 37 49 38 80 59 93 49 69 47 60 81 42 25 54 32 30 20 74 78 79 27 70 49 64 60 
20 95 89 40 59 60 69 30 5 58 43 16 58 52 64 94 59 72 74 14 60 14 47 84 13 12 64 46 94 82 
58 74 27 71 30 43 49 55 34 89 61 89 91 42 37 80 52 19 87 47 45 88 7 99 71 59 49 23 25 56 
1 75 65 67 62 25 56 95 48 80 54 37 59 94 10 83 8 51 22 94 78 64 42 12 60 23 34 9 96 5 
33 80 26 18 47 29 5 26 17 11 50 13 9 28 31 49 10 87 12 76 59 76 3 49 25 4 89 62 17 27 
51 71 86 43 61 90 64 29 66 9 34 63 57 78 29 44 93 49 25 8 47 55 49 97 66 94 27 38 81 35 
45 35 97 49 4 77 65 65 76 15 96 73 0 76 85 39 89 98 45 6 10 3 75 83 74 71 12 61 53 41 
29 2 98 86 5 85 30 16 51 8 38 16 80 90 84 32 58 4 17 31 77 51 47 36 18 46 17 91 17 77 
84 98 40 67 98 60 31 42 32 1 0 77 9 39 38 94 29 64 14 22 87 15 61 30 39 75 59 23 57 30 
95 36 74 45 31 75 20 70 16 99 99 77 47 20 41 73 27 89 48 64 99 83 20 52 57 6 14 92 42 84 
72 41 97 0 48 74 28 14 86 58 88 55 47 94 93 80 87 85 41 45 31 75 72 22 89 73 11 61 21 63 
70 92 41 56 8 99 7 32 72 12 66 93 60 24 11 6 99 91 0 22 8 1 38 97 3 14 13 38 54 93 
35 71 11 2 37 87 51 28 25 22 12 43 79 76 32 37 52 71 85 78 27 10 93 60 7 84 70 76 59 38 
4 16 53 1 90 62 36 25 81 51 49 99 8 19 91 39 90 45 56 55 33 61 17 57 96 95 44 44 66 71 
44 94 65 64 97 46 96 10 8 43 95 98 99 74 32 97 18 40 4 12 29 25 86 48 18 48 55 45 34 41 
92 98 34 54 25 87 10 0 76 79 26 90 20 68 70 13 67 76 26 70 32 22 2 54 49 44 73 50 41 16 
30 93 62 3 40 99 60 51 61 64 41 92 57 97 22 25 28 37 6 95 25 48 17 76 30 20 86 43 26 7 
63 83 63 72 99 73 25 38 31 40 39 43 61 64 70 76 3 2 14 19 53 38 77 23 89 92 92 5 24 32 
18 45 66 85 34 7 38 37 0 9 85 56 61 47 66 5 31 16 1 97 43 91 24 30 91 73 62 4 87 97 
48 91 91 70 30 31 21 78 25 65 22 81 55 18 65 90 50 15 3 87 88 78 2 36 44 38 26 8 38 64 
42 87 8 90 82 65 71 96 71 22 16 70 98 53 61 60 11 92 65 85 51 38 74 78 53 94 52 71 86 64 
3 42 3 72 10 93 30 94 41 21 9 32 80 9 85 52 7 36 84 77 26 1 34 98 5 97 30 58 95 80 
28 11 31 24 44 54 26 57 68 3 30 18 30 54 95 78 85 37 85 16 94 72 7 39 14 76 60 5 40 77 
32 60 54 46 80 14 59 37 85 28 32 14 60 62 4 87 50 18 52 94 70 87 71 12 45 70 48 62 58 37 
66 54 34 46 15 95 96 33 66 33 80 48 53 31 91 97 74 88 47 10 86 40 27 53 72 34 37 53 92 22 

1028 3001 2166 1537 1133 3328 2317 3184 954 773 3189 2979 565 605 3256 1031 818 1017 903 333 2288 585 2023 3147 2636 2693 2050 2746 3057 3180 

11764 8827 4714 7394 5596 15644 21195 27531 19887 9274 19182 22785 21733 13701 22557 24065 25308 20554 24205 21222 3895 23444 21300 26684 1921 16767 20937 20503 25818 23160 