90
30

56 21 53 15 83 27 9 48 29 92 16 22 51 53 60 68 89 17 45 20 41 3 68 71 27 89 32 74 41 62 
21 46 46 99 77 28 92 38 31 15 46 23 75 45 64 8 97 16 50 79 96 78 78 25 56 4 73 48 57 52 
75 12 30 67 38 70 98 72 28 6 67 70 32 1 38 40 90 83 75 5 7 48 33 99 3 47 48 71 27 68 
26 95 28 86 92 70 54 29 90 50 40 2 35 13 86 57 66 66 53 7 42 59 25 30 93 38 95 86 12 63 
5 63 36 87 24 30 79 44 52 42 99 17 89 40 2 75 93 40 42 88 33 97 46 87 4 96 84 2 47 2 
64 1 11 66 8 20 52 83 65 63 25 37 46 85 46 75 83 15 24 16 74 73 75 63 34 75 81 86 89 56 
59 97 69 33 36 27 86 91 61 78 20 76 3 13 25 20 94 8 43 24 38 70 93 94 81 9 51 87 29 6 
62 17 45 17 40 39 52 14 38 98 59 39 13 14 51 36 3 41 27 77 95 21 76 0 54 30 17 28 40 70 
57 29 33 57 29 47 40 29 23 9 55 49 17 80 12 89 72 36 21 23 49 66 98 54 69 26 34 63 8 9 
44 49 7 97 5 5 45 17 77 41 95 15 52 51 67 11 83 89 1 14 93 97 75 0 63 3 32 82 35 79 
42 30 1 28 62 17 54 42 40 98 12 44 2 49 67 20 0 31 90 85 13 35 8 47 31 46 47 76 65 20 
83 72 67 63 51 94 37 64 28 5 70 2 50 37 62 48 62 75 71 33 96 26 17 34 26 12 55 13 57 11 
56 9 24 36 90 72 32 8 84 81 51 85 3 85 48 47 80 64 20 40 92 2 62 41 58 12 81 85 94 52 
47 76 77 35 30 74 82 11 77 17 92 78 19 29 17 45 9 32 47 68 52 44 40 15 49 40 17 37 82 15 
8 58 20 69 88 3 98 92 73 30 23 43 84 30 2 38 2 22 86 79 40 46 88 19 50 41 14 10 11 44 
11 6 67 67 28 16 32 34 45 99 54 68 0 90 22 82 42 66 58 97 79 6 22 4 84 3 19 40 14 19 
94 35 21 15 52 55 71 74 42 65 13 12 78 58 40 40 0 45 58 24 97 94 37 59 42 62 19 40 5 67 
4 17 53 80 42 55 55 44 97 31 34 51 67 50 59 25 72 57 50 97 37 78 42 81 58 14 34 60 94 76 
27 68 38 29 15 16 74 93 78 96 4 2 9 65 98 38 71 84 23 83 42 84 45 46 25 66 89 78 19 53 
35 63 65 79 67 64 40 47 94 50 35 16 35 33 58 96 16 5 48 45 21 40 77 18 17 3 90 98 23 86 
3 15 92 59 59 31 42 9 24 45 50 4 51 51 86 0 54 52 57 85 87 9 89 29 97 79 65 77 94 72 
5 3 78 36 36 24 11 46 12 30 1 47 64 86 61 88 99 8 57 56 81 17 46 70 50 33 76 14 72 53 
1 22 24 26 24 24 64 24 84 39 23 73 39 59 31 81 13 61 63 92 15 49 71 44 42 13 27 13 27 38 
95 69 89 26 21 78 5 3 95 31 1 16 23 65 43 55 20 31 63 41 18 17 59 90 32 15 54 15 38 9 
97 31 64 17 47 2 84 15 70 16 72 20 47 76 54 10 52 73 75 30 80 45 52 77 8 55 94 82 22 46 
3 41 69 42 85 46 72 13 51 21 57 21 60 70 66 10 59 96 45 22 9 30 44 30 0 97 65 35 10 2 
48 69 37 11 63 87 34 57 75 63 5 8 86 94 50 67 66 1 80 86 32 75 14 33 44 97 47 29 22 41 
55 39 92 37 57 98 34 50 63 9 76 98 81 22 67 30 55 0 13 24 56 25 63 74 51 1 83 87 26 58 
54 0 31 57 78 98 76 61 73 79 95 12 8 5 61 35 94 39 11 63 37 47 24 38 21 28 56 47 71 84 
17 97 23 56 60 30 89 89 6 41 8 92 29 33 12 15 74 51 45 48 77 55 25 30 21 29 27 13 40 39 
33 16 51 88 77 71 88 34 70 42 58 55 2 75 36 93 43 1 1 1 88 3 39 81 28 24 82 82 36 72 
85 1 2 51 6 3 49 23 87 48 26 79 39 3 54 78 61 68 65 78 68 48 74 67 1 47 57 74 40 60 
42 15 47 12 24 99 7 46 61 8 49 60 25 16 59 63 99 21 22 89 54 2 51 85 40 18 95 66 85 15 
27 6 72 19 57 5 54 15 31 48 17 39 91 58 92 60 23 92 8 89 10 40 95 73 75 33 11 53 74 58 
43 77 72 44 90 30 17 66 60 92 1 70 8 47 55 39 18 10 35 30 87 36 90 62 87 32 11 43 97 86 
16 43 26 80 4 76 96 59 5 38 18 69 88 4 14 78 3 1 50 59 97 92 81 82 1 49 38 63 82 97 
92 48 20 49 89 36 50 85 25 85 71 18 18 25 12 71 97 98 23 49 0 90 12 77 67 15 56 51 66 91 
56 5 78 87 11 7 47 51 36 31 50 55 38 57 60 83 43 21 7 88 26 92 38 79 78 61 61 90 38 71 
2 84 52 8 24 68 37 54 76 23 85 57 78 81 3 63 54 5 98 35 79 48 45 44 97 95 93 1 12 29 
7 67 87 52 35 75 81 75 68 31 16 39 20 85 52 45 38 95 22 98 42 22 35 92 39 23 70 98 55 32 
8 20 95 54 73 48 21 8 90 6 99 84 63 82 60 14 53 94 85 70 95 11 89 23 82 55 89 53 10 41 
58 70 71 21 8 0 24 66 73 34 76 79 47 63 78 26 26 26 96 43 62 57 19 34 3 6 12 87 99 60 
32 68 95 12 60 54 25 26 12 43 3 15 50 28 54 22 80 37 35 82 32 74 60 82 47 99 92 71 7 56 
96 78 13 17 58 32 69 12 99 11 23 57 71 37 9 4 83 23 52 73 3 21 49 37 43 25 43 83 18 46 
29 47 33 43 89 17 37 86 28 51 54 86 53 30 85 21 36 75 24 29 35 83 44 63 70 49 49 20 86 2 
88 91 32 61 85 98 59 90 21 7 4 96 92 38 8 24 3 13 0 28 88 10 33 12 71 7 55 92 89 56 
61 14 58 92 50 19 48 89 79 48 98 10 98 41 84 9 6 46 30 93 57 65 10 39 10 92 96 33 98 18 
48 77 68 23 33 68 9 56 45 67 72 98 52 89 50 44 77 95 76 43 19 68 47 6 47 96 91 52 28 0 
30 46 83 81 14 71 66 67 15 26 22 88 15 38 67 19 33 32 91 46 57 4 73 75 98 89 83 62 61 10 
76 46 19 59 27 21 20 44 58 65 65 1 46 12 53 58 27 51 58 0 18 69 0 62 44 82 20 68 22 27 
69 78 46 89 68 12 83 6 18 70 60 69 39 67 10 6 86 40 11 19 69 7 26 22 65 90 29 84 15 14 
92 82 21 59 43 27 16 22 30 98 48 21 69 17 3 31 29 38 78 59 0 37 50 83 54 22 26 6 78 9 
66 17 47 26 87 48 70 37 37 78 20 14 64 7 33 73 11 14 41 84 53 82 70 96 18 23 15 38 66 67 
85 12 43 81 61 60 96 34 31 78 43 34 79 26 29 84 48 35 1 57 10 23 97 67 98 68 26 90 98 93 
79 75 95 79 4 32 34 90 40 97 24 85 80 9 4 60 18 48 56 28 96 16 21 39 56 65 59 5 65 13 
62 68 70 71 2 27 90 8 88 29 69 8 49 76 31 94 68 99 17 39 50 6 9 64 83 20 37 21 26 40 
60 89 40 95 54 42 47 99 31 68 69 92 96 32 3 47 14 44 16 77 23 38 70 56 35 94 28 60 8 69 
69 82 74 83 41 63 61 15 19 70 40 85 47 0 96 26 82 74 85 81 67 86 42 67 7 91 56 14 14 58 
97 37 60 23 2 26 44 14 26 59 57 46 18 53 13 78 2 39 80 12 33 95 14 70 94 93 96 57 40 48 
18 15 96 45 66 33 79 16 4 48 99 85 47 61 51 80 85 56 9 11 89 98 85 43 22 31 7 24 24 27 
43 40 45 39 55 5 54 63 75 20 49 15 41 48 25 77 12 93 1 70 75 75 1 45 3 51 31 22 23 9 
26 4 3 50 20 43 85 21 90 42 94 70 78 23 21 44 75 90 57 35 25 59 16 58 4 49 87 9 53 54 
91 41 84 23 48 54 93 43 59 89 37 80 78 66 68 34 21 10 27 22 32 66 44 66 10 75 87 84 69 76 
75 89 75 53 30 47 89 48 38 61 12 99 56 66 5 76 65 65 35 28 63 26 66 65 67 42 97 38 37 5 
21 78 56 48 48 22 42 68 23 42 51 23 37 31 10 70 86 34 91 85 66 19 12 85 75 27 28 39 77 48 
37 45 48 8 28 3 93 68 50 9 36 65 52 60 90 58 56 40 73 42 40 22 27 49 51 11 62 63 84 15 
11 99 71 17 93 26 0 82 5 50 29 21 96 63 86 7 88 46 52 5 48 69 81 56 46 25 6 46 13 4 
14 34 21 78 21 16 33 61 49 69 92 72 6 88 60 99 17 5 8 50 54 71 34 50 55 21 57 96 50 62 
3 96 24 63 89 62 67 13 82 6 30 1 69 79 52 20 69 53 39 99 88 22 16 28 88 90 78 8 10 52 
7 61 90 2 38 75 59 23 87 62 91 23 69 70 64 59 91 58 50 22 63 38 28 3 91 42 2 58 37 62 
61 28 48 73 22 4 9 46 37 22 58 94 45 42 67 23 16 41 92 74 18 22 27 77 89 27 30 61 4 92 
95 81 80 0 92 59 29 0 11 58 88 17 55 22 66 59 97 62 75 97 73 69 71 84 93 75 90 19 83 12 
61 98 87 19 47 84 7 10 29 6 40 97 39 52 53 38 11 37 6 43 1 41 4 72 96 57 44 95 15 99 
97 0 72 46 22 86 53 43 9 46 25 53 18 55 77 69 24 11 75 6 15 77 67 29 98 43 64 6 88 5 
6 76 20 13 74 77 81 44 1 76 64 16 6 92 89 28 50 98 38 95 87 65 18 29 53 60 20 73 31 16 
56 80 67 53 95 15 40 96 22 11 3 30 85 1 48 89 20 15 69 64 64 18 12 79 81 21 55 74 82 80 
41 87 2 96 64 26 67 53 78 78 72 61 84 91 33 9 12 29 3 21 3 81 71 93 52 79 47 26 76 54 
46 14 24 37 4 37 22 81 78 52 32 62 34 20 77 87 18 79 46 13 53 58 85 59 23 8 44 65 28 75 
32 25 21 54 95 0 64 89 28 97 66 16 83 57 85 71 29 90 99 80 81 59 8 39 5 97 86 33 61 4 
14 53 48 54 64 7 53 29 7 43 29 47 72 31 48 38 73 50 97 12 83 10 38 3 29 82 18 89 22 19 
14 29 64 97 62 50 81 12 88 93 80 98 35 93 32 60 77 48 22 49 48 10 26 98 22 98 0 13 37 19 
93 93 46 41 13 3 23 64 28 37 71 78 56 53 15 91 82 48 61 95 27 14 61 81 32 0 22 15 32 60 
38 63 58 66 40 8 70 18 89 92 8 79 61 88 29 15 0 89 55 18 22 57 59 46 26 64 52 5 16 39 
54 56 57 92 76 25 11 67 16 46 30 67 72 66 3 44 18 95 80 28 85 73 21 78 61 0 42 42 87 28 
68 77 23 38 91 65 3 38 14 18 5 44 27 69 20 54 29 83 65 6 9 40 1 98 53 67 48 86 21 39 
88 18 24 48 18 50 97 37 94 54 38 31 67 25 73 18 0 29 54 62 35 71 0 49 34 53 51 5 12 70 
87 21 50 49 21 93 39 39 94 53 3 0 6 45 2 57 69 76 10 9 81 52 18 13 27 73 10 82 83 36 
16 71 71 96 21 30 79 67 14 57 62 51 82 84 80 62 86 61 30 47 94 39 99 44 25 61 25 19 57 8 
52 73 96 62 18 16 95 94 4 43 91 60 43 62 81 92 57 54 68 13 80 79 47 95 82 43 92 50 91 90 
98 30 98 95 63 74 83 73 15 8 89 12 42 9 36 6 49 91 69 59 70 46 56 61 10 82 91 74 79 18 

28 13 34 83 8 75 69 38 51 7 22 93 82 47 9 69 30 96 1 46 69 75 88 69 49 81 53 79 58 30 
19 79 5 91 16 99 91 49 55 99 26 29 25 24 18 97 50 15 18 97 49 32 6 0 20 37 67 82 15 46 
76 38 88 60 84 17 32 20 99 20 30 45 85 8 3 59 23 13 10 11 22 29 41 44 52 54 15 57 58 87 
65 89 66 19 75 95 86 56 0 7 85 70 85 0 82 76 67 97 76 62 18 90 19 30 68 55 3 28 25 8 
7 78 62 96 26 24 44 42 91 67 37 98 36 49 86 45 83 10 77 68 41 30 24 87 45 29 21 22 88 81 
78 22 8 74 14 86 38 21 84 67 41 0 56 14 76 72 68 14 64 25 40 30 71 19 4 47 99 47 88 79 
75 37 71 84 69 38 80 7 72 97 6 38 41 97 71 55 63 25 44 96 13 81 12 70 1 47 55 14 39 98 
57 39 65 90 78 37 7 77 63 37 83 53 45 30 54 94 93 99 94 58 97 34 26 79 99 8 55 53 0 40 
84 88 12 98 97 97 46 76 51 37 19 84 11 11 60 20 5 16 31 6 98 88 87 28 14 64 53 89 42 88 
83 81 16 14 39 28 44 87 94 53 41 9 50 85 84 7 32 92 81 84 95 14 43 2 44 30 97 21 75 92 
57 24 73 98 75 67 19 83 16 53 15 73 27 24 5 7 14 96 67 35 28 9 89 40 33 51 73 48 4 79 
17 23 80 49 62 55 65 29 33 96 60 56 75 96 70 57 85 47 99 49 92 40 54 93 21 84 5 55 53 45 
79 7 76 19 78 68 66 23 48 75 61 80 58 25 15 37 43 24 38 32 26 55 62 6 28 33 92 22 36 2 
35 38 74 18 99 47 3 4 23 77 48 72 80 27 27 54 49 65 29 83 58 16 63 21 50 33 80 16 6 12 
35 45 45 99 53 66 81 1 95 96 95 95 52 77 66 10 22 6 62 6 23 35 91 87 68 69 56 29 0 23 
61 91 50 5 81 55 91 49 67 7 77 0 69 62 5 44 94 80 31 12 16 37 29 24 30 59 84 39 3 5 
40 25 58 75 63 71 14 86 72 5 47 22 61 92 53 67 14 13 37 68 81 68 44 93 63 33 16 78 38 91 
36 77 13 87 94 61 94 98 92 29 94 15 64 30 42 62 80 2 48 23 67 86 33 38 54 61 53 91 39 19 
44 97 24 66 93 66 63 25 95 10 32 74 65 4 6 45 3 18 7 66 35 99 53 25 85 54 26 85 36 68 
37 86 4 50 62 97 13 10 61 22 59 96 27 67 2 36 10 12 11 86 12 62 65 62 64 55 70 15 14 63 
62 73 97 13 4 59 63 0 69 60 80 87 11 14 43 8 35 20 63 6 22 8 98 97 89 24 66 26 57 86 
45 47 91 62 55 64 15 50 69 11 18 50 10 37 13 87 19 51 4 4 98 29 76 45 93 84 20 89 25 69 
53 0 22 43 92 31 92 33 95 68 42 68 76 5 42 66 65 7 67 7 61 82 99 15 98 74 45 39 29 53 
5 92 98 57 17 14 49 17 43 43 89 72 70 16 22 42 63 47 1 33 74 38 68 88 97 28 0 89 27 83 
50 5 67 86 70 24 79 76 52 2 86 47 27 40 60 4 96 71 59 36 90 92 0 64 98 97 72 60 81 0 
38 43 79 27 72 19 81 37 30 0 7 7 51 28 25 68 48 85 96 94 16 66 39 75 77 59 35 30 50 34 
24 38 96 50 70 90 79 40 81 97 63 13 28 98 16 98 84 68 91 17 85 4 16 51 89 43 12 50 74 46 
11 1 99 48 45 39 40 61 45 77 55 72 47 94 40 81 6 99 92 69 67 64 84 89 41 83 20 25 84 20 
20 49 77 45 61 92 52 51 66 95 27 38 24 99 24 78 79 5 95 3 23 18 81 93 76 27 71 36 44 14 
48 7 92 84 23 75 53 52 8 31 87 44 78 12 44 81 9 57 93 63 6 11 36 78 60 76 5 88 85 62 
12 72 29 4 16 38 70 34 3 24 27 27 3 49 52 64 9 88 90 73 41 87 10 55 78 31 55 90 75 35 
59 94 10 28 28 56 32 42 89 93 23 23 45 96 73 43 99 44 48 58 29 27 90 54 27 94 79 75 40 18 
53 24 69 43 59 79 19 66 89 66 98 51 13 81 24 94 18 53 69 76 25 96 61 72 23 80 24 20 58 24 
12 45 64 0 89 1 17 88 48 89 48 25 65 41 59 46 47 88 21 97 10 69 40 74 96 18 29 27 18 53 
17 13 92 62 98 5 91 40 78 86 36 38 80 76 5 20 31 86 22 44 25 85 68 7 32 32 14 26 10 96 
73 42 46 90 24 65 1 69 46 10 70 70 78 77 67 15 83 80 88 83 81 35 34 21 89 58 71 74 73 16 
81 32 4 68 20 22 76 55 84 16 22 43 61 5 39 26 5 85 10 39 73 37 78 40 12 99 16 65 66 76 
1 60 64 22 71 38 0 94 40 37 17 62 88 48 51 24 62 62 95 68 48 46 14 67 90 41 86 6 91 56 
62 78 1 86 94 94 86 93 34 7 29 20 32 15 9 15 77 26 61 13 55 88 6 81 28 8 19 26 42 21 
53 33 40 87 48 75 18 20 5 1 55 79 82 19 20 76 50 15 13 77 22 65 10 13 42 51 14 11 91 85 
28 16 41 83 15 79 92 64 91 13 37 59 81 46 61 53 34 37 74 97 69 11 8 55 97 53 63 96 60 46 
52 16 53 55 94 70 40 96 56 45 83 27 37 97 18 61 51 47 90 82 42 90 88 30 52 78 65 58 22 82 
39 99 75 19 86 92 45 37 3 48 36 63 70 62 9 71 57 93 59 27 62 89 13 2 54 0 64 83 73 22 
22 7 9 73 54 2 59 77 29 8 28 12 2 20 43 56 5 70 74 31 18 29 85 27 47 23 81 58 23 72 
90 82 17 98 16 91 9 73 61 49 79 86 75 31 97 72 3 91 26 9 32 79 83 90 58 57 99 20 25 6 
86 4 98 15 4 13 91 89 82 49 47 41 25 55 41 16 37 27 60 92 21 36 80 57 33 51 38 33 24 42 
73 14 80 91 88 41 34 38 49 24 37 49 28 77 97 77 56 45 14 52 37 25 87 28 53 6 69 62 43 99 
77 16 50 18 7 99 63 23 2 88 94 66 64 98 80 74 22 95 89 65 89 66 67 99 72 89 70 80 17 73 
54 95 9 49 18 22 42 52 38 66 55 10 14 7 75 26 38 41 27 30 44 88 0 43 95 63 69 57 40 54 
27 41 11 49 71 28 73 98 35 26 36 17 85 80 84 52 5 66 98 79 36 85 60 93 57 11 76 12 21 96 
53 18 71 28 16 85 10 20 48 85 6 51 94 64 35 3 64 26 15 57 17 82 71 41 13 27 45 56 76 80 
20 2 89 78 45 0 32 16 76 71 11 87 52 15 58 38 96 14 1 70 85 43 13 34 56 59 15 6 20 14 
71 45 5 99 12 60 67 27 81 49 12 7 66 77 42 56 85 13 6 77 26 42 23 71 65 14 9 81 13 9 
12 79 50 26 65 42 72 6 81 86 49 84 64 34 56 96 17 72 44 5 53 87 58 17 58 95 13 91 48 26 
91 86 27 99 12 84 37 16 6 75 54 55 81 10 74 37 55 51 94 12 14 72 74 68 1 89 43 71 58 27 
92 94 68 53 42 76 66 24 5 34 35 43 74 20 83 11 83 82 77 16 62 81 86 12 51 74 46 67 54 63 
62 77 54 67 0 92 7 66 34 91 4 39 68 4 54 70 22 62 30 13 69 32 83 37 60 69 19 88 68 79 
92 36 47 87 49 2 77 54 46 83 47 74 14 6 98 68 32 0 27 31 53 54 16 9 94 96 50 27 59 23 
30 69 78 63 98 96 88 41 27 55 59 92 47 4 68 36 6 64 67 8 87 78 89 10 39 22 4 26 78 11 
99 23 79 97 60 19 58 34 82 1 14 81 16 14 89 52 43 63 58 36 42 99 52 54 73 65 92 14 97 50 
78 92 19 59 49 43 9 86 33 25 41 81 36 83 61 26 37 33 67 49 5 46 65 79 32 3 37 81 69 96 
28 47 95 79 44 34 60 3 17 49 90 83 71 60 28 79 13 57 66 5 16 87 85 74 65 62 1 63 13 3 
98 45 27 50 86 26 50 79 19 90 1 98 56 16 79 96 61 57 64 93 63 67 13 96 22 17 97 66 90 60 
31 53 41 5 99 45 17 29 60 57 15 33 2 28 20 24 68 26 43 69 79 74 25 60 32 30 25 89 37 13 
94 17 20 33 0 89 19 76 65 23 47 58 28 81 84 39 31 98 41 68 16 36 95 94 60 67 94 69 91 19 
86 30 67 45 6 27 10 76 38 39 20 90 29 3 20 97 35 36 99 22 0 19 59 45 25 3 88 15 68 25 
0 57 68 49 25 50 16 95 42 12 79 85 82 51 77 44 41 64 64 26 95 73 45 56 86 51 55 5 39 70 
72 36 21 69 31 6 46 29 72 80 5 10 39 22 61 70 7 60 27 81 6 25 51 18 72 35 49 77 42 57 
54 44 72 75 6 35 45 42 65 71 98 2 43 51 90 10 78 53 85 61 99 63 19 50 61 18 79 92 34 11 
20 74 85 89 84 39 94 57 5 2 82 58 13 64 34 83 74 64 66 48 25 87 64 44 83 24 79 26 61 44 
63 9 93 24 94 98 71 60 12 51 28 38 57 64 37 45 94 20 10 55 69 47 89 8 16 75 3 76 19 87 
10 85 95 96 42 29 57 9 44 96 71 52 56 4 9 54 88 6 74 45 88 9 40 81 89 22 34 24 8 37 
57 37 19 92 24 62 18 66 57 1 63 36 67 10 53 61 21 87 81 88 63 7 72 4 46 26 83 58 82 74 
48 46 30 6 78 18 82 66 48 69 91 94 37 99 83 94 7 72 33 14 32 8 84 23 0 75 62 99 79 75 
12 29 98 42 36 16 76 99 33 31 30 22 65 52 23 32 90 90 31 6 50 75 52 69 95 76 83 12 76 59 
35 61 61 7 56 74 34 79 99 49 80 51 38 68 96 81 27 15 40 0 58 39 36 8 53 47 91 18 6 57 
86 8 54 33 52 46 45 93 42 2 34 62 62 85 18 4 14 27 2 54 77 46 47 48 16 37 45 3 5 66 
26 11 1 89 89 39 94 98 9 53 43 83 63 11 53 59 90 79 59 80 51 87 26 63 81 16 75 83 36 75 
3 6 76 25 40 88 42 57 81 34 16 17 76 12 71 50 62 68 47 99 79 73 25 82 99 6 63 32 61 56 
33 80 88 91 59 7 35 34 64 92 94 43 59 49 45 71 36 12 36 73 55 25 38 80 22 33 97 48 24 87 
82 60 40 17 99 39 55 21 28 97 52 83 1 30 54 18 13 35 40 10 56 2 54 72 6 17 90 69 4 76 
15 81 6 91 62 64 11 37 14 83 72 88 53 94 53 17 38 1 4 70 59 36 40 50 58 8 69 42 26 45 
89 97 11 13 64 36 0 78 35 41 63 65 30 63 63 22 89 44 75 75 4 36 69 61 43 80 55 58 19 57 
74 48 10 34 13 91 45 76 55 94 17 71 0 94 76 19 25 92 34 67 49 26 58 84 46 39 54 22 3 2 
62 4 27 91 9 28 41 27 2 82 25 32 40 15 97 51 98 94 32 61 98 61 71 41 74 56 62 0 98 73 
37 72 14 68 26 21 15 35 42 36 48 20 7 85 24 29 99 73 90 70 24 12 77 16 73 15 20 89 88 56 
37 96 65 58 2 77 61 13 42 31 86 39 55 45 98 32 21 36 25 49 62 69 90 61 54 41 10 45 25 9 
95 98 69 25 66 1 64 99 71 70 90 8 65 62 58 7 92 26 24 26 68 25 30 59 68 51 97 62 63 34 
78 38 51 95 27 56 96 1 49 48 42 28 45 74 96 35 53 46 81 5 58 55 93 1 25 45 43 57 61 21 
34 90 32 86 23 99 81 56 80 8 17 76 9 49 80 56 17 92 95 95 55 82 86 49 41 32 86 79 51 83 

1028 3001 2166 1537 1133 3328 2317 3184 954 773 3189 2979 565 605 3256 1031 818 1017 903 333 2288 585 2023 3147 2636 2693 2050 2746 3057 3180 

3815 4854 2353 4496 3207 4876 1405 3058 2121 5204 1585 1236 4512 2693 2734 4429 794 4771 4559 3309 2544 2085 1967 2946 3700 1897 716 3449 1897 5064 