90
30

35 25 93 94 96 73 73 22 42 80 9 73 48 61 34 54 31 14 21 38 78 94 67 6 68 86 5 22 78 90 
95 24 38 33 0 64 99 70 24 19 28 59 95 59 27 1 1 49 55 90 13 18 4 13 68 18 35 97 80 60 
1 83 8 99 97 91 99 10 23 87 86 68 41 81 9 26 66 17 84 64 37 10 44 37 18 76 27 61 74 45 
79 3 94 35 5 67 48 56 77 97 29 58 90 33 91 41 24 98 1 98 45 88 52 42 62 11 12 65 24 86 
15 10 12 0 97 56 73 80 60 54 94 42 90 59 16 6 78 50 37 99 26 24 44 90 16 21 89 11 91 0 
88 78 72 86 13 4 11 47 96 74 40 79 82 19 92 10 92 9 85 36 68 61 96 69 40 19 76 48 19 63 
67 48 98 47 49 85 38 74 95 2 58 62 29 91 49 57 28 72 94 96 82 46 60 20 28 97 92 4 17 92 
20 48 68 14 77 37 33 36 67 72 72 9 40 36 7 17 73 38 5 46 48 47 25 42 81 15 0 67 53 52 
61 90 34 1 29 49 1 18 98 87 5 66 25 44 23 70 85 53 9 1 40 79 26 75 54 5 21 92 49 27 
80 51 65 44 77 11 98 43 93 93 3 2 78 28 98 80 85 17 16 59 83 36 60 59 51 20 99 31 93 0 
75 19 24 69 22 25 36 24 32 30 23 92 94 60 38 36 95 78 2 8 83 65 95 91 5 14 94 54 72 37 
36 94 38 77 37 52 59 70 73 38 2 86 10 77 2 61 57 71 83 94 51 55 10 67 19 68 23 16 72 77 
74 52 9 32 59 28 68 27 43 86 23 8 88 29 24 37 45 19 33 20 87 75 5 51 53 29 2 23 77 80 
53 20 88 27 97 79 21 89 66 2 73 42 97 42 79 18 80 92 27 68 88 73 96 60 36 66 7 81 65 67 
36 61 52 42 87 28 8 2 67 72 77 61 86 80 75 3 80 57 42 94 37 57 66 26 57 81 16 52 1 21 
0 66 83 59 35 33 29 37 73 76 0 78 45 72 55 4 13 9 1 89 25 20 49 52 34 79 81 62 12 39 
1 14 76 39 13 13 12 12 56 56 45 77 85 3 14 79 89 89 41 34 69 1 90 81 26 39 84 39 38 18 
93 38 8 91 34 62 30 6 45 30 97 1 4 88 49 34 26 7 31 75 60 4 16 23 47 15 14 18 30 14 
59 58 25 38 59 54 88 65 48 64 44 63 68 9 50 96 78 49 22 62 62 71 48 1 90 24 55 91 46 8 
10 19 36 82 71 10 27 67 25 32 94 53 66 22 70 31 8 93 20 21 39 28 99 51 53 63 46 19 21 7 
42 45 86 73 23 83 96 2 23 65 6 3 6 83 17 43 90 36 26 76 83 13 15 70 93 57 98 81 53 62 
0 91 7 80 42 1 33 46 60 45 91 49 67 70 30 5 53 95 0 11 76 46 38 80 85 32 33 1 79 1 
88 52 96 1 30 86 88 30 43 46 24 46 12 86 15 83 28 12 76 75 59 59 54 8 14 71 84 36 43 57 
67 23 43 28 61 24 90 48 55 94 87 54 44 95 4 12 31 44 67 42 37 10 14 2 77 74 4 27 44 87 
82 70 4 3 16 71 97 77 49 71 99 30 63 30 79 60 19 30 71 11 30 72 37 58 93 77 88 58 59 78 
95 67 48 50 6 52 20 7 52 6 56 77 97 82 29 28 82 88 46 9 62 98 9 21 25 5 14 39 52 80 
94 50 67 40 72 77 65 34 77 2 24 89 45 5 52 97 3 94 8 6 11 86 7 71 5 54 96 66 79 61 
58 66 81 60 88 48 21 96 43 69 20 64 59 32 37 10 90 27 66 66 8 24 74 65 81 52 34 73 97 89 
77 33 18 44 57 16 83 12 99 19 77 31 93 43 52 69 39 65 59 28 58 73 33 26 31 18 32 18 19 26 
21 48 83 61 68 49 18 20 78 35 47 26 78 49 51 33 45 67 42 62 33 61 80 38 32 80 16 82 82 0 
96 3 10 50 57 69 67 19 21 65 96 98 40 64 30 7 62 69 31 21 26 8 7 94 96 74 52 33 98 63 
27 84 11 33 55 28 45 99 98 97 84 36 57 62 89 48 89 42 1 28 48 55 54 27 99 96 29 90 38 10 
80 35 36 10 23 91 95 48 80 9 67 32 85 11 82 68 43 58 86 49 56 30 86 25 78 61 55 43 62 83 
35 16 3 36 50 74 0 92 17 3 79 73 3 77 66 61 89 37 83 43 26 74 27 36 80 14 32 70 38 15 
43 44 85 38 44 75 87 27 21 94 58 19 48 86 59 88 26 46 96 69 31 20 85 21 24 49 16 35 40 30 
39 97 76 57 29 41 16 25 35 72 76 97 1 49 75 56 12 29 27 21 16 44 41 70 15 45 66 17 28 34 
10 34 71 78 30 97 7 68 66 29 57 69 67 43 80 76 38 12 61 65 93 33 64 21 5 44 41 59 87 28 
97 83 35 92 71 53 32 31 56 46 78 94 89 33 6 16 75 13 98 97 30 69 7 20 52 40 50 60 59 30 
28 11 55 85 95 34 98 21 72 19 14 76 74 97 40 32 16 43 17 3 4 72 65 16 13 13 91 20 38 2 
42 78 43 39 79 72 57 3 36 84 99 14 14 45 8 81 94 89 31 92 84 19 88 17 36 88 18 35 89 58 
70 21 34 80 97 27 97 8 72 63 92 51 25 58 90 14 74 56 7 83 96 74 1 63 71 26 37 70 87 1 
54 35 80 37 54 65 65 33 86 84 78 92 96 36 22 89 73 28 99 0 9 46 67 43 45 66 59 15 85 53 
48 19 91 7 38 36 92 19 33 54 69 21 99 87 1 55 23 34 94 9 47 57 3 67 10 94 38 91 43 11 
20 30 90 88 6 13 54 70 14 82 0 34 18 72 44 62 85 32 21 15 81 60 17 40 65 87 5 63 52 29 
1 63 6 3 61 0 0 70 67 61 58 49 73 54 56 17 9 49 48 92 71 44 61 63 47 26 47 3 39 31 
8 0 96 36 31 75 72 38 75 75 59 95 37 68 71 41 51 67 75 94 15 69 89 27 59 79 8 63 72 67 
12 20 75 54 79 11 4 55 94 80 31 4 43 29 35 44 25 63 21 62 10 64 33 97 51 60 0 52 6 64 
36 85 35 93 69 74 84 87 61 57 59 92 65 15 71 83 11 35 75 30 33 74 68 41 72 18 96 33 4 1 
87 9 11 18 29 57 56 67 32 80 59 0 61 36 73 44 28 47 98 54 75 94 2 0 87 24 27 79 21 27 
94 28 29 46 39 82 28 60 51 75 32 24 79 6 53 65 52 5 37 77 1 71 86 49 91 72 94 32 16 28 
87 17 89 14 48 91 40 46 73 93 15 67 76 69 26 4 50 23 94 96 57 97 99 6 83 33 11 48 98 97 
80 22 13 67 5 19 96 25 2 37 20 88 59 40 43 83 26 25 28 47 91 91 82 98 45 38 50 24 23 17 
98 71 83 21 81 37 58 82 60 98 91 34 35 20 44 25 99 51 33 7 25 66 34 44 43 37 65 99 83 42 
36 98 77 24 15 88 33 77 64 25 62 26 45 71 92 7 77 80 95 74 20 92 36 2 10 92 6 41 58 75 
90 53 6 39 2 39 85 92 72 29 35 46 63 93 74 38 80 8 13 92 68 73 86 26 22 69 7 47 72 0 
97 8 87 60 38 19 31 21 30 9 63 28 83 25 58 50 63 77 97 24 59 81 40 83 52 60 2 72 10 4 
81 75 29 95 4 11 88 43 2 88 7 16 30 0 17 20 78 15 70 89 51 98 66 92 21 59 63 51 57 9 
5 37 7 92 72 85 79 96 56 51 44 80 98 97 60 65 45 69 90 73 26 24 63 18 36 3 5 70 89 59 
27 71 72 98 58 45 21 84 63 48 94 9 69 49 9 39 99 35 74 92 96 78 37 93 64 10 20 22 73 6 
20 49 16 40 92 22 83 96 41 53 19 40 2 13 75 68 68 35 56 12 9 85 37 47 80 57 95 46 16 85 
92 71 74 91 86 90 46 20 61 72 73 7 17 88 26 91 48 25 28 82 0 92 54 27 86 69 7 33 9 37 
70 57 15 88 87 60 63 88 11 86 12 69 30 14 42 51 62 98 58 27 64 83 59 63 11 75 54 97 44 93 
71 39 79 35 79 96 23 35 31 93 62 90 88 49 0 0 87 31 56 20 61 96 75 44 25 6 79 65 89 53 
89 65 54 47 85 45 10 52 67 0 36 56 75 86 80 43 42 43 58 69 0 72 0 73 83 76 50 91 58 15 
73 25 15 28 45 2 80 42 18 30 29 44 86 21 22 4 14 47 90 76 71 51 36 0 4 16 34 96 45 85 
45 20 25 68 66 20 40 84 7 11 99 21 41 61 49 22 76 56 51 26 52 89 52 4 53 79 86 98 99 24 
85 42 35 57 99 6 61 31 46 16 53 66 35 34 59 47 53 89 5 33 88 11 7 24 41 97 90 12 47 13 
68 86 4 13 24 81 86 28 94 5 82 65 55 52 96 94 63 7 89 39 79 4 59 0 11 79 85 43 34 35 
73 69 60 11 98 37 2 28 12 92 29 44 78 37 1 43 34 43 55 47 7 86 64 21 34 60 91 7 45 95 
19 11 37 93 12 35 22 49 63 13 40 22 7 2 73 83 24 43 91 42 62 80 20 34 25 13 17 23 47 13 
91 49 29 33 96 28 90 97 94 73 94 30 67 9 39 88 19 95 8 85 91 68 34 23 99 79 26 90 51 89 
55 61 6 44 96 26 95 34 77 41 92 26 83 55 29 12 12 67 78 8 82 32 48 15 43 97 79 10 29 41 
11 27 61 66 81 59 1 42 63 90 86 17 56 20 18 40 95 57 85 57 23 97 28 77 59 95 87 28 55 8 
94 35 13 69 88 99 21 18 72 63 16 91 49 77 85 55 82 21 72 38 92 31 39 82 72 43 9 36 86 47 
81 44 81 21 4 18 30 87 39 85 88 2 56 49 23 79 41 26 59 10 2 13 39 18 20 23 93 82 66 83 
84 90 74 86 47 27 69 43 54 10 62 67 72 1 72 93 88 88 45 18 31 0 62 12 5 2 72 24 14 75 
86 1 46 97 13 90 48 61 30 80 4 3 26 13 1 32 36 70 48 70 80 11 78 66 66 29 44 18 13 29 
9 35 12 69 64 13 34 5 38 12 44 32 93 57 78 15 96 96 9 43 31 98 91 75 77 58 65 25 83 60 
69 26 0 1 71 84 51 87 38 74 70 45 3 70 10 14 76 6 29 24 35 95 86 49 81 73 7 10 45 29 
22 74 80 46 57 47 76 62 45 75 85 30 94 9 36 31 17 76 90 61 19 78 47 22 87 4 17 60 42 33 
26 38 35 62 95 58 0 71 27 33 7 34 95 0 61 30 9 19 50 96 0 0 34 46 62 41 33 49 26 82 
57 20 68 15 68 81 76 78 94 5 9 48 21 30 51 1 19 15 21 8 17 81 97 81 90 50 83 83 44 77 
94 80 22 40 62 91 42 40 93 62 57 8 95 71 93 29 97 44 14 50 9 36 0 97 83 8 52 40 0 99 
64 82 70 85 11 46 40 64 52 7 29 8 51 70 40 87 56 6 35 33 91 0 46 10 56 60 71 24 34 95 
87 56 62 65 65 21 90 68 67 98 64 1 77 57 89 10 89 96 64 37 31 60 93 12 40 3 12 44 85 17 
98 24 7 37 28 31 48 4 29 17 43 26 18 97 43 91 33 78 70 16 94 6 12 15 62 11 36 56 72 76 
59 15 52 66 7 45 76 90 50 41 92 82 6 46 31 25 41 36 91 52 99 81 49 99 62 76 39 0 14 77 
12 37 40 88 57 89 18 96 46 56 64 34 45 33 31 27 89 70 97 58 22 40 76 44 52 9 31 14 62 66 
90 41 81 65 85 52 18 93 62 28 98 49 44 74 50 20 25 0 52 70 50 67 31 81 89 74 53 32 28 93 
67 72 17 90 2 52 60 60 92 4 41 93 18 93 2 47 68 72 34 68 57 19 45 14 74 43 11 57 22 69 

46 76 83 21 64 45 52 70 87 88 35 7 99 82 72 77 36 15 21 6 23 56 80 54 27 75 58 9 21 87 
38 41 89 35 96 44 11 26 49 70 14 96 62 91 65 54 28 70 68 45 4 23 62 34 67 89 47 76 24 62 
90 52 88 33 72 79 4 55 91 9 92 29 32 97 30 69 53 89 5 1 72 58 5 0 38 0 16 69 20 64 
62 13 61 74 4 66 62 63 64 82 10 45 66 71 56 76 0 69 8 89 37 64 96 4 78 7 25 39 97 97 
17 94 8 6 23 60 81 87 38 85 79 82 57 4 81 26 61 10 33 1 11 22 31 7 0 77 27 38 80 55 
6 77 67 14 95 64 99 89 91 95 90 84 2 43 10 73 67 25 82 67 86 53 78 22 70 35 53 13 2 23 
49 70 61 20 62 65 57 92 49 3 76 46 18 43 33 82 31 58 80 7 18 9 16 93 64 94 9 4 37 91 
5 18 63 21 5 43 56 78 23 72 70 14 53 52 33 85 23 45 70 80 99 15 25 90 79 69 56 5 74 27 
43 30 83 9 38 63 3 63 60 78 24 67 93 0 11 75 59 78 67 9 60 77 26 96 23 55 28 9 80 93 
69 71 74 94 33 13 78 69 43 8 49 82 86 20 87 6 15 37 27 29 13 80 24 5 86 1 91 42 14 20 
97 62 69 59 44 85 2 76 69 29 39 4 60 0 37 52 54 46 0 10 83 89 55 94 66 38 29 88 70 80 
88 89 3 83 21 67 78 53 81 73 88 49 25 88 87 31 0 65 36 99 78 25 81 51 35 16 79 66 27 18 
63 93 99 83 32 94 48 25 10 84 14 10 94 52 61 97 88 69 99 41 6 12 32 65 88 50 46 42 43 97 
75 57 30 94 94 47 51 2 47 21 89 11 91 21 34 82 30 74 80 0 55 40 78 99 20 68 81 64 28 95 
20 54 94 76 96 90 19 8 65 79 84 95 71 7 51 71 40 94 37 69 44 2 88 5 98 41 71 27 47 12 
67 32 62 82 25 50 45 80 18 72 15 65 4 42 24 88 82 55 30 66 13 32 19 44 17 55 50 88 91 90 
86 55 2 35 5 37 36 59 24 55 34 23 78 67 21 12 29 11 20 97 10 90 9 23 5 88 58 90 54 55 
56 59 7 98 16 19 71 97 15 88 37 98 7 28 65 60 25 10 75 76 48 50 67 76 2 4 65 89 26 91 
65 24 18 92 32 86 45 28 68 56 76 27 52 85 77 31 25 85 79 96 64 25 1 98 80 50 93 40 21 93 
35 17 74 47 1 99 91 9 70 34 90 23 55 69 98 82 82 55 42 50 19 82 8 43 58 54 9 58 4 4 
57 39 98 7 8 39 3 48 28 95 20 41 16 27 13 14 64 49 58 7 37 32 54 39 30 56 50 61 3 60 
82 71 18 57 25 81 30 87 95 60 96 18 76 82 14 12 32 65 99 39 40 68 65 74 67 90 63 33 55 92 
95 35 97 24 9 71 24 36 41 41 22 10 60 92 65 18 34 42 19 31 15 95 61 3 20 86 15 13 54 85 
99 47 6 80 43 46 96 95 3 53 74 21 2 28 95 75 62 42 15 95 6 23 84 55 53 55 27 45 28 40 
58 65 58 60 41 6 36 29 8 37 68 87 0 12 26 2 88 66 91 75 80 69 44 61 38 45 46 47 53 97 
8 59 42 67 54 93 92 45 17 68 32 96 23 78 28 68 60 69 36 5 25 70 39 76 13 66 72 87 68 81 
96 53 34 13 84 30 60 35 36 44 51 61 17 65 72 42 98 9 42 24 47 77 86 6 88 48 11 65 40 94 
46 40 92 92 54 98 72 33 96 8 37 67 23 14 75 27 14 77 91 23 84 18 40 8 42 95 7 32 63 90 
58 71 6 86 14 60 92 67 6 98 31 63 45 96 46 36 76 58 51 59 21 64 72 53 46 64 13 77 65 96 
17 77 3 14 71 60 68 71 46 24 98 89 81 80 95 30 52 39 52 27 79 45 39 55 63 89 6 57 63 22 
15 20 44 68 12 14 64 83 99 5 87 32 67 12 13 70 8 85 0 44 96 93 95 72 31 85 91 38 72 38 
8 31 96 5 37 7 83 51 6 57 85 10 57 6 48 16 40 71 91 95 71 72 63 11 94 54 20 11 61 69 
6 2 11 32 34 68 15 46 77 1 15 63 44 2 74 15 83 91 26 53 39 10 69 51 67 24 70 88 64 55 
52 5 83 86 84 85 39 43 19 40 13 27 9 59 25 62 30 87 26 69 80 15 29 97 23 14 84 70 15 49 
58 8 17 22 88 68 88 79 9 80 13 48 73 90 4 88 17 39 88 99 44 26 62 86 28 42 83 99 50 77 
17 91 31 30 81 53 16 70 30 32 28 49 85 34 0 39 14 68 43 51 86 86 12 79 81 24 86 47 24 46 
65 68 67 50 52 43 44 85 73 54 67 94 63 36 47 69 95 16 53 0 61 81 35 38 17 87 92 18 40 32 
44 3 86 56 51 39 20 42 78 59 79 27 6 40 70 42 35 26 24 56 32 61 68 79 20 99 58 52 0 85 
14 31 66 20 33 46 55 53 76 85 31 71 61 35 99 81 90 89 5 83 12 87 60 11 94 65 99 66 44 17 
58 73 15 0 34 53 86 38 63 65 93 0 22 72 59 69 50 51 50 13 41 24 44 27 46 89 7 22 3 93 
95 68 68 59 39 8 17 64 87 20 57 28 80 79 44 68 23 61 9 20 62 69 47 37 68 87 96 12 9 4 
37 88 41 34 79 50 67 45 6 17 39 75 18 76 84 85 63 18 15 84 76 83 25 28 52 13 92 72 16 79 
39 31 79 13 25 84 90 82 66 15 18 83 4 78 25 22 88 45 19 38 7 55 97 66 25 80 9 52 84 76 
8 67 73 89 82 86 99 32 49 22 87 40 91 35 8 95 56 57 7 55 27 97 82 33 69 27 30 29 92 54 
73 87 76 34 20 32 70 78 27 31 49 66 69 61 88 54 35 86 87 55 98 77 73 19 35 18 37 50 99 1 
1 26 52 86 18 15 29 82 41 16 84 78 36 38 38 34 93 23 31 2 94 65 49 42 17 84 71 53 94 52 
73 34 58 80 71 44 34 29 81 26 69 82 55 13 0 95 3 32 17 31 4 85 48 22 85 46 93 25 5 23 
80 76 82 86 10 31 43 27 22 71 96 21 98 11 38 16 84 22 61 48 91 71 22 72 21 34 69 53 8 30 
66 56 86 99 38 33 25 1 42 90 76 17 27 89 48 93 39 11 75 33 94 89 73 42 14 90 83 94 98 95 
43 43 90 21 50 25 43 66 96 14 2 83 92 23 65 21 10 76 77 64 12 72 70 81 41 46 69 58 3 71 
6 71 52 60 27 29 59 87 82 94 39 1 18 46 61 25 38 73 51 57 81 82 79 14 44 67 98 91 38 90 
48 16 61 46 62 35 37 35 47 50 29 43 95 98 47 13 75 37 6 70 9 93 92 16 13 63 56 6 71 89 
34 88 82 59 70 53 76 75 90 35 99 8 40 57 26 42 6 8 23 54 69 3 99 92 61 57 95 51 31 76 
9 57 29 50 69 10 74 93 65 40 68 66 47 83 60 97 18 79 73 50 93 51 61 31 4 19 50 39 56 42 
82 71 86 15 56 65 71 58 49 32 80 48 65 10 70 29 20 40 82 57 87 48 72 82 51 80 86 92 33 40 
77 29 7 3 99 92 11 12 50 71 10 5 41 70 82 88 98 28 34 82 51 29 49 3 43 81 47 44 78 85 
92 78 85 34 89 99 67 16 48 65 63 99 4 14 42 32 36 66 8 93 5 35 82 55 20 11 90 60 90 81 
84 26 24 13 57 9 99 6 33 25 85 90 68 69 18 28 52 14 51 51 27 65 20 28 55 97 21 57 96 14 
58 21 87 98 35 50 18 37 92 87 66 57 99 43 22 90 72 82 13 51 64 91 27 17 54 8 73 22 35 20 
39 16 65 57 38 38 40 32 41 29 9 22 56 59 28 74 78 50 23 81 39 33 22 78 32 49 66 39 65 3 
7 70 99 17 61 51 64 39 68 48 49 26 79 9 15 79 72 24 88 16 64 94 19 5 83 45 13 94 1 1 
80 18 40 70 52 50 32 33 67 47 58 27 11 99 15 62 82 73 90 29 6 35 24 59 15 66 18 69 89 11 
91 93 92 46 1 76 73 27 0 98 18 65 60 41 46 48 17 13 18 99 4 13 79 34 67 81 63 70 5 67 
29 91 53 30 99 76 17 34 38 40 22 11 66 48 34 4 22 4 69 10 5 21 96 96 55 19 94 32 70 25 
36 0 48 54 91 45 23 97 74 84 17 60 92 1 31 7 51 72 54 28 44 21 53 7 9 86 83 77 42 51 
19 96 13 69 12 51 95 88 6 7 22 57 82 38 39 66 7 9 94 43 6 8 98 28 92 30 47 89 5 73 
84 45 66 99 49 19 33 60 39 25 17 4 69 78 1 4 29 72 61 72 57 59 91 64 75 31 77 68 75 97 
66 54 27 87 40 8 68 36 74 91 84 40 48 95 87 62 42 70 64 51 34 74 44 1 69 45 5 50 85 4 
18 99 8 43 16 18 44 50 5 51 45 83 79 35 12 88 7 16 72 25 81 1 40 42 71 96 50 30 1 17 
18 25 65 73 70 46 32 45 53 6 5 32 4 4 56 29 48 99 20 43 54 38 53 90 67 62 62 9 92 28 
65 87 0 22 62 90 91 49 91 45 17 15 26 95 58 53 33 57 17 47 81 34 52 61 90 52 76 73 57 50 
0 75 85 27 80 92 18 16 9 14 45 58 58 67 35 94 63 57 17 72 5 56 3 73 27 20 36 86 2 68 
2 71 31 41 33 24 30 37 2 4 58 86 82 96 73 8 10 26 23 74 97 43 19 54 61 38 38 26 74 61 
53 97 58 66 86 23 68 83 45 62 46 4 74 89 26 34 32 40 41 32 89 93 51 59 92 74 92 98 44 67 
19 13 9 61 93 70 17 47 35 23 43 77 41 55 88 25 38 16 78 17 29 94 63 28 41 24 78 54 91 14 
1 11 24 44 26 19 89 61 25 72 65 83 66 99 39 90 31 79 13 54 27 50 85 35 94 28 17 59 57 37 
19 40 65 6 80 24 33 84 38 60 57 82 73 18 79 46 53 33 32 13 84 26 70 4 31 23 80 69 13 2 
30 71 92 21 89 80 11 89 31 22 43 29 11 95 64 0 72 44 58 2 19 69 18 76 69 98 0 65 66 57 
49 11 24 6 91 94 25 39 77 44 94 56 17 72 31 57 25 19 57 22 89 4 19 69 19 19 62 7 38 12 
48 27 32 58 87 1 56 91 23 71 76 60 73 63 85 37 12 43 31 83 69 14 42 41 56 15 26 32 60 59 
98 58 67 45 54 34 91 16 90 33 32 43 39 74 88 72 82 12 96 58 43 13 68 59 75 7 52 89 16 65 
45 39 48 36 16 7 95 46 33 17 54 35 99 0 36 94 36 72 56 30 74 37 6 53 36 0 5 87 30 51 
0 30 75 84 64 26 35 36 17 19 32 75 73 2 71 69 72 91 84 1 64 62 83 46 54 60 79 85 12 58 
10 44 26 10 81 87 34 45 11 88 72 95 30 66 30 35 91 55 86 6 77 56 74 24 13 78 3 10 27 67 
35 91 9 86 76 52 67 97 56 56 81 47 96 32 94 69 72 24 1 44 56 45 29 87 65 76 98 58 60 95 
33 3 75 47 44 79 71 73 11 15 42 63 31 27 10 8 14 70 4 51 44 1 93 84 30 97 29 15 24 39 
13 26 72 56 94 80 31 2 66 55 62 99 12 11 94 71 24 16 2 57 94 94 57 71 46 63 42 48 65 85 
23 5 38 29 46 92 15 38 84 15 52 49 47 60 96 90 52 52 30 66 95 26 70 17 79 77 0 92 1 52 
87 70 75 69 99 48 77 84 21 59 13 57 56 72 62 65 39 28 35 74 10 86 53 74 21 83 47 25 74 45 
17 79 18 95 12 73 42 46 11 6 57 73 31 47 42 8 79 35 94 99 23 70 28 22 59 6 97 42 95 98 

1946 2530 1814 312 1494 1336 1636 1914 252 1575 1718 214 687 1985 791 2357 2624 1103 1676 2271 2561 220 935 1577 1935 1344 1436 1194 2237 1909 

17060 23824 9612 8793 12220 4428 26833 22103 23918 18701 13140 11901 20608 23072 11974 16471 14465 4699 10652 26019 3447 19181 15127 26158 8842 24711 2273 10614 9804 26456 