90
30

35 25 93 94 96 73 73 22 42 80 9 73 48 61 34 54 31 14 21 38 78 94 67 6 68 86 5 22 78 90 
95 24 38 33 0 64 99 70 24 19 28 59 95 59 27 1 1 49 55 90 13 18 4 13 68 18 35 97 80 60 
1 83 8 99 97 91 99 10 23 87 86 68 41 81 9 26 66 17 84 64 37 10 44 37 18 76 27 61 74 45 
79 3 94 35 5 67 48 56 77 97 29 58 90 33 91 41 24 98 1 98 45 88 52 42 62 11 12 65 24 86 
15 10 12 0 97 56 73 80 60 54 94 42 90 59 16 6 78 50 37 99 26 24 44 90 16 21 89 11 91 0 
88 78 72 86 13 4 11 47 96 74 40 79 82 19 92 10 92 9 85 36 68 61 96 69 40 19 76 48 19 63 
67 48 98 47 49 85 38 74 95 2 58 62 29 91 49 57 28 72 94 96 82 46 60 20 28 97 92 4 17 92 
20 48 68 14 77 37 33 36 67 72 72 9 40 36 7 17 73 38 5 46 48 47 25 42 81 15 0 67 53 52 
61 90 34 1 29 49 1 18 98 87 5 66 25 44 23 70 85 53 9 1 40 79 26 75 54 5 21 92 49 27 
80 51 65 44 77 11 98 43 93 93 3 2 78 28 98 80 85 17 16 59 83 36 60 59 51 20 99 31 93 0 
75 19 24 69 22 25 36 24 32 30 23 92 94 60 38 36 95 78 2 8 83 65 95 91 5 14 94 54 72 37 
36 94 38 77 37 52 59 70 73 38 2 86 10 77 2 61 57 71 83 94 51 55 10 67 19 68 23 16 72 77 
74 52 9 32 59 28 68 27 43 86 23 8 88 29 24 37 45 19 33 20 87 75 5 51 53 29 2 23 77 80 
53 20 88 27 97 79 21 89 66 2 73 42 97 42 79 18 80 92 27 68 88 73 96 60 36 66 7 81 65 67 
36 61 52 42 87 28 8 2 67 72 77 61 86 80 75 3 80 57 42 94 37 57 66 26 57 81 16 52 1 21 
0 66 83 59 35 33 29 37 73 76 0 78 45 72 55 4 13 9 1 89 25 20 49 52 34 79 81 62 12 39 
1 14 76 39 13 13 12 12 56 56 45 77 85 3 14 79 89 89 41 34 69 1 90 81 26 39 84 39 38 18 
93 38 8 91 34 62 30 6 45 30 97 1 4 88 49 34 26 7 31 75 60 4 16 23 47 15 14 18 30 14 
59 58 25 38 59 54 88 65 48 64 44 63 68 9 50 96 78 49 22 62 62 71 48 1 90 24 55 91 46 8 
10 19 36 82 71 10 27 67 25 32 94 53 66 22 70 31 8 93 20 21 39 28 99 51 53 63 46 19 21 7 
42 45 86 73 23 83 96 2 23 65 6 3 6 83 17 43 90 36 26 76 83 13 15 70 93 57 98 81 53 62 
0 91 7 80 42 1 33 46 60 45 91 49 67 70 30 5 53 95 0 11 76 46 38 80 85 32 33 1 79 1 
88 52 96 1 30 86 88 30 43 46 24 46 12 86 15 83 28 12 76 75 59 59 54 8 14 71 84 36 43 57 
67 23 43 28 61 24 90 48 55 94 87 54 44 95 4 12 31 44 67 42 37 10 14 2 77 74 4 27 44 87 
82 70 4 3 16 71 97 77 49 71 99 30 63 30 79 60 19 30 71 11 30 72 37 58 93 77 88 58 59 78 
95 67 48 50 6 52 20 7 52 6 56 77 97 82 29 28 82 88 46 9 62 98 9 21 25 5 14 39 52 80 
94 50 67 40 72 77 65 34 77 2 24 89 45 5 52 97 3 94 8 6 11 86 7 71 5 54 96 66 79 61 
58 66 81 60 88 48 21 96 43 69 20 64 59 32 37 10 90 27 66 66 8 24 74 65 81 52 34 73 97 89 
77 33 18 44 57 16 83 12 99 19 77 31 93 43 52 69 39 65 59 28 58 73 33 26 31 18 32 18 19 26 
21 48 83 61 68 49 18 20 78 35 47 26 78 49 51 33 45 67 42 62 33 61 80 38 32 80 16 82 82 0 
96 3 10 50 57 69 67 19 21 65 96 98 40 64 30 7 62 69 31 21 26 8 7 94 96 74 52 33 98 63 
27 84 11 33 55 28 45 99 98 97 84 36 57 62 89 48 89 42 1 28 48 55 54 27 99 96 29 90 38 10 
80 35 36 10 23 91 95 48 80 9 67 32 85 11 82 68 43 58 86 49 56 30 86 25 78 61 55 43 62 83 
35 16 3 36 50 74 0 92 17 3 79 73 3 77 66 61 89 37 83 43 26 74 27 36 80 14 32 70 38 15 
43 44 85 38 44 75 87 27 21 94 58 19 48 86 59 88 26 46 96 69 31 20 85 21 24 49 16 35 40 30 
39 97 76 57 29 41 16 25 35 72 76 97 1 49 75 56 12 29 27 21 16 44 41 70 15 45 66 17 28 34 
10 34 71 78 30 97 7 68 66 29 57 69 67 43 80 76 38 12 61 65 93 33 64 21 5 44 41 59 87 28 
97 83 35 92 71 53 32 31 56 46 78 94 89 33 6 16 75 13 98 97 30 69 7 20 52 40 50 60 59 30 
28 11 55 85 95 34 98 21 72 19 14 76 74 97 40 32 16 43 17 3 4 72 65 16 13 13 91 20 38 2 
42 78 43 39 79 72 57 3 36 84 99 14 14 45 8 81 94 89 31 92 84 19 88 17 36 88 18 35 89 58 
70 21 34 80 97 27 97 8 72 63 92 51 25 58 90 14 74 56 7 83 96 74 1 63 71 26 37 70 87 1 
54 35 80 37 54 65 65 33 86 84 78 92 96 36 22 89 73 28 99 0 9 46 67 43 45 66 59 15 85 53 
48 19 91 7 38 36 92 19 33 54 69 21 99 87 1 55 23 34 94 9 47 57 3 67 10 94 38 91 43 11 
20 30 90 88 6 13 54 70 14 82 0 34 18 72 44 62 85 32 21 15 81 60 17 40 65 87 5 63 52 29 
1 63 6 3 61 0 0 70 67 61 58 49 73 54 56 17 9 49 48 92 71 44 61 63 47 26 47 3 39 31 
8 0 96 36 31 75 72 38 75 75 59 95 37 68 71 41 51 67 75 94 15 69 89 27 59 79 8 63 72 67 
12 20 75 54 79 11 4 55 94 80 31 4 43 29 35 44 25 63 21 62 10 64 33 97 51 60 0 52 6 64 
36 85 35 93 69 74 84 87 61 57 59 92 65 15 71 83 11 35 75 30 33 74 68 41 72 18 96 33 4 1 
87 9 11 18 29 57 56 67 32 80 59 0 61 36 73 44 28 47 98 54 75 94 2 0 87 24 27 79 21 27 
94 28 29 46 39 82 28 60 51 75 32 24 79 6 53 65 52 5 37 77 1 71 86 49 91 72 94 32 16 28 
87 17 89 14 48 91 40 46 73 93 15 67 76 69 26 4 50 23 94 96 57 97 99 6 83 33 11 48 98 97 
80 22 13 67 5 19 96 25 2 37 20 88 59 40 43 83 26 25 28 47 91 91 82 98 45 38 50 24 23 17 
98 71 83 21 81 37 58 82 60 98 91 34 35 20 44 25 99 51 33 7 25 66 34 44 43 37 65 99 83 42 
36 98 77 24 15 88 33 77 64 25 62 26 45 71 92 7 77 80 95 74 20 92 36 2 10 92 6 41 58 75 
90 53 6 39 2 39 85 92 72 29 35 46 63 93 74 38 80 8 13 92 68 73 86 26 22 69 7 47 72 0 
97 8 87 60 38 19 31 21 30 9 63 28 83 25 58 50 63 77 97 24 59 81 40 83 52 60 2 72 10 4 
81 75 29 95 4 11 88 43 2 88 7 16 30 0 17 20 78 15 70 89 51 98 66 92 21 59 63 51 57 9 
5 37 7 92 72 85 79 96 56 51 44 80 98 97 60 65 45 69 90 73 26 24 63 18 36 3 5 70 89 59 
27 71 72 98 58 45 21 84 63 48 94 9 69 49 9 39 99 35 74 92 96 78 37 93 64 10 20 22 73 6 
20 49 16 40 92 22 83 96 41 53 19 40 2 13 75 68 68 35 56 12 9 85 37 47 80 57 95 46 16 85 
92 71 74 91 86 90 46 20 61 72 73 7 17 88 26 91 48 25 28 82 0 92 54 27 86 69 7 33 9 37 
70 57 15 88 87 60 63 88 11 86 12 69 30 14 42 51 62 98 58 27 64 83 59 63 11 75 54 97 44 93 
71 39 79 35 79 96 23 35 31 93 62 90 88 49 0 0 87 31 56 20 61 96 75 44 25 6 79 65 89 53 
89 65 54 47 85 45 10 52 67 0 36 56 75 86 80 43 42 43 58 69 0 72 0 73 83 76 50 91 58 15 
73 25 15 28 45 2 80 42 18 30 29 44 86 21 22 4 14 47 90 76 71 51 36 0 4 16 34 96 45 85 
45 20 25 68 66 20 40 84 7 11 99 21 41 61 49 22 76 56 51 26 52 89 52 4 53 79 86 98 99 24 
85 42 35 57 99 6 61 31 46 16 53 66 35 34 59 47 53 89 5 33 88 11 7 24 41 97 90 12 47 13 
68 86 4 13 24 81 86 28 94 5 82 65 55 52 96 94 63 7 89 39 79 4 59 0 11 79 85 43 34 35 
73 69 60 11 98 37 2 28 12 92 29 44 78 37 1 43 34 43 55 47 7 86 64 21 34 60 91 7 45 95 
19 11 37 93 12 35 22 49 63 13 40 22 7 2 73 83 24 43 91 42 62 80 20 34 25 13 17 23 47 13 
91 49 29 33 96 28 90 97 94 73 94 30 67 9 39 88 19 95 8 85 91 68 34 23 99 79 26 90 51 89 
55 61 6 44 96 26 95 34 77 41 92 26 83 55 29 12 12 67 78 8 82 32 48 15 43 97 79 10 29 41 
11 27 61 66 81 59 1 42 63 90 86 17 56 20 18 40 95 57 85 57 23 97 28 77 59 95 87 28 55 8 
94 35 13 69 88 99 21 18 72 63 16 91 49 77 85 55 82 21 72 38 92 31 39 82 72 43 9 36 86 47 
81 44 81 21 4 18 30 87 39 85 88 2 56 49 23 79 41 26 59 10 2 13 39 18 20 23 93 82 66 83 
84 90 74 86 47 27 69 43 54 10 62 67 72 1 72 93 88 88 45 18 31 0 62 12 5 2 72 24 14 75 
86 1 46 97 13 90 48 61 30 80 4 3 26 13 1 32 36 70 48 70 80 11 78 66 66 29 44 18 13 29 
9 35 12 69 64 13 34 5 38 12 44 32 93 57 78 15 96 96 9 43 31 98 91 75 77 58 65 25 83 60 
69 26 0 1 71 84 51 87 38 74 70 45 3 70 10 14 76 6 29 24 35 95 86 49 81 73 7 10 45 29 
22 74 80 46 57 47 76 62 45 75 85 30 94 9 36 31 17 76 90 61 19 78 47 22 87 4 17 60 42 33 
26 38 35 62 95 58 0 71 27 33 7 34 95 0 61 30 9 19 50 96 0 0 34 46 62 41 33 49 26 82 
57 20 68 15 68 81 76 78 94 5 9 48 21 30 51 1 19 15 21 8 17 81 97 81 90 50 83 83 44 77 
94 80 22 40 62 91 42 40 93 62 57 8 95 71 93 29 97 44 14 50 9 36 0 97 83 8 52 40 0 99 
64 82 70 85 11 46 40 64 52 7 29 8 51 70 40 87 56 6 35 33 91 0 46 10 56 60 71 24 34 95 
87 56 62 65 65 21 90 68 67 98 64 1 77 57 89 10 89 96 64 37 31 60 93 12 40 3 12 44 85 17 
98 24 7 37 28 31 48 4 29 17 43 26 18 97 43 91 33 78 70 16 94 6 12 15 62 11 36 56 72 76 
59 15 52 66 7 45 76 90 50 41 92 82 6 46 31 25 41 36 91 52 99 81 49 99 62 76 39 0 14 77 
12 37 40 88 57 89 18 96 46 56 64 34 45 33 31 27 89 70 97 58 22 40 76 44 52 9 31 14 62 66 
90 41 81 65 85 52 18 93 62 28 98 49 44 74 50 20 25 0 52 70 50 67 31 81 89 74 53 32 28 93 
67 72 17 90 2 52 60 60 92 4 41 93 18 93 2 47 68 72 34 68 57 19 45 14 74 43 11 57 22 69 

44 82 90 32 9 57 20 83 35 25 88 96 24 15 2 86 90 10 8 6 54 53 98 72 48 33 92 61 45 48 
52 66 20 29 60 91 8 84 77 0 13 80 65 65 91 79 31 95 99 2 37 4 94 78 81 73 22 0 28 21 
23 12 72 71 54 81 42 80 95 31 79 86 95 52 64 68 80 1 57 35 14 71 84 91 94 74 86 33 32 82 
8 88 27 21 5 91 56 3 72 63 23 42 48 33 49 97 42 31 97 35 67 27 48 0 10 95 0 42 47 45 
27 30 88 29 31 62 22 29 95 49 87 82 81 25 82 87 52 12 2 13 31 49 68 2 78 67 75 27 94 51 
72 58 65 38 69 40 93 38 18 90 2 69 20 63 92 59 48 50 96 38 95 2 60 32 93 92 38 40 37 74 
91 36 44 75 17 42 4 50 58 70 13 84 68 2 4 9 16 86 91 76 79 56 24 13 46 88 96 35 27 81 
53 4 45 99 16 54 63 21 92 15 57 96 48 28 46 80 69 2 50 18 28 77 15 90 37 94 39 39 56 75 
1 43 78 66 45 10 17 7 95 94 82 22 6 71 87 40 49 28 44 5 26 32 47 16 24 7 33 22 73 22 
76 57 80 72 65 87 16 5 49 2 17 23 72 87 8 68 22 46 52 63 59 61 11 75 14 13 40 16 56 1 
68 95 81 35 43 6 66 74 19 89 87 61 42 14 5 56 51 76 63 75 89 94 37 91 8 59 64 43 7 66 
1 69 32 31 20 64 31 75 32 14 50 34 80 59 95 13 77 4 11 2 46 61 57 21 6 99 59 64 8 34 
82 52 12 90 56 19 65 7 47 0 11 74 42 76 49 30 10 9 28 38 47 70 30 43 13 39 86 64 38 37 
29 70 29 7 80 60 19 68 13 29 51 97 51 1 64 23 90 57 36 34 50 91 6 21 99 63 76 32 0 48 
58 91 86 90 25 10 44 3 85 1 82 1 69 72 97 19 21 46 73 83 29 60 82 29 20 13 58 71 23 79 
68 93 64 9 8 86 60 80 94 75 5 62 16 98 83 23 94 36 52 87 39 3 57 4 12 46 8 23 36 19 
95 48 8 18 42 39 0 7 31 78 65 59 15 9 81 1 41 42 84 35 35 51 4 66 1 23 74 65 73 42 
87 64 92 3 36 24 11 97 39 54 48 8 43 69 36 19 65 95 48 12 8 83 81 14 58 77 51 17 54 42 
6 81 87 69 78 97 69 91 25 66 77 85 33 16 61 48 78 84 83 68 71 8 6 24 39 16 63 95 7 28 
84 59 83 66 36 0 74 77 19 78 77 95 36 11 17 91 2 71 33 16 71 15 38 97 15 83 94 67 56 36 
82 40 46 29 65 43 56 28 63 82 99 25 93 2 17 98 42 64 96 40 83 43 89 35 39 40 72 64 66 42 
45 67 99 80 69 95 2 71 95 31 92 41 20 51 37 72 89 69 63 5 21 88 93 9 20 32 24 88 11 50 
9 86 14 12 92 17 32 30 26 31 22 89 64 79 89 54 7 56 97 98 43 31 5 76 14 77 70 13 4 85 
66 5 18 6 20 49 7 62 60 36 57 18 32 88 48 11 15 12 39 74 60 17 59 98 25 98 85 26 72 92 
51 68 68 72 20 83 91 11 99 67 30 44 2 45 41 17 69 43 4 84 4 11 70 10 96 6 3 74 30 53 
77 86 97 65 48 74 78 59 32 86 34 28 63 17 52 41 90 72 17 75 60 8 9 20 90 18 52 95 13 56 
57 72 63 17 37 96 33 14 93 47 20 15 91 82 33 45 84 56 42 52 40 0 85 1 96 23 60 34 36 50 
76 26 63 14 31 13 25 75 52 75 0 27 4 96 59 10 59 50 62 52 85 63 50 0 81 60 44 6 92 9 
66 96 61 94 29 26 4 6 77 7 28 17 71 43 7 81 38 32 11 81 35 12 29 12 17 53 47 61 69 24 
70 45 73 0 86 0 22 75 31 31 70 88 86 82 14 10 28 75 37 12 5 20 40 36 9 13 73 25 82 62 
20 0 54 2 98 74 18 15 96 42 82 29 41 8 49 93 73 8 37 39 78 58 7 77 97 38 82 86 12 79 
81 98 84 23 76 94 93 69 72 38 91 28 51 47 89 49 37 49 27 85 77 90 95 17 31 90 14 52 30 52 
87 66 40 85 85 49 42 87 20 80 10 0 31 50 56 34 73 85 69 32 92 56 66 97 30 79 39 30 83 30 
56 40 13 32 52 20 79 1 30 5 54 43 45 58 28 40 38 47 14 80 62 2 18 3 95 86 38 79 43 95 
85 38 89 83 66 13 9 76 63 71 94 25 80 38 36 3 79 52 63 44 92 95 33 99 95 75 27 36 84 90 
2 15 84 61 80 16 84 39 1 9 66 16 58 80 93 85 93 52 67 54 17 90 51 78 96 43 43 90 2 82 
44 29 24 47 32 2 4 83 63 31 17 54 54 61 23 55 1 48 72 55 61 30 13 55 93 73 65 33 24 30 
29 13 6 57 64 80 64 80 59 30 62 3 43 25 29 0 61 93 20 31 78 88 16 84 86 12 83 13 49 49 
33 47 93 72 67 74 28 31 5 31 67 7 2 60 66 16 31 90 19 89 79 83 66 61 73 36 93 40 45 27 
59 48 99 58 53 59 37 24 69 49 63 9 72 72 62 0 69 0 33 60 17 95 18 94 38 9 59 24 17 21 
66 33 4 71 91 50 39 25 37 93 88 10 33 85 44 83 84 15 35 31 44 2 46 15 88 94 44 0 87 1 
63 45 93 42 90 35 12 74 57 80 95 9 35 21 96 47 74 8 71 85 45 42 12 78 75 10 50 60 85 31 
54 39 60 3 34 58 21 37 0 50 85 86 56 43 9 19 18 0 78 15 85 86 77 46 17 17 43 96 75 5 
7 27 47 27 59 93 56 76 2 56 31 66 75 59 71 7 56 69 52 66 95 79 52 84 10 35 79 13 64 41 
48 91 6 47 35 72 37 17 91 85 34 48 14 74 51 72 4 55 72 69 36 85 87 80 56 39 20 81 49 30 
24 69 63 16 28 74 75 96 92 82 29 64 18 51 98 97 13 51 29 84 1 43 96 14 39 1 43 1 81 36 
19 96 84 60 25 25 64 24 10 39 47 98 21 85 53 82 64 22 32 78 34 33 34 47 41 27 61 32 21 13 
66 31 14 10 77 48 49 1 58 43 68 59 48 82 81 13 35 36 31 6 55 89 13 84 12 66 68 14 86 66 
58 12 48 78 96 35 12 20 64 73 97 6 62 32 63 55 81 5 61 90 55 71 99 74 75 60 25 14 59 85 
69 0 83 24 95 68 62 3 68 20 6 9 21 17 95 48 87 42 56 9 25 98 24 7 58 79 38 26 10 36 
82 65 90 38 85 71 76 71 45 12 99 45 25 23 16 10 51 17 34 74 1 66 18 98 67 71 97 3 32 90 
53 6 93 96 52 87 16 62 58 37 16 28 33 48 81 66 18 49 3 66 45 84 74 9 33 4 45 88 55 2 
96 2 88 28 30 38 81 59 88 4 6 96 78 84 72 35 45 36 10 27 10 37 83 13 90 64 59 10 56 49 
46 84 82 55 97 35 19 69 27 71 72 92 84 58 75 80 89 69 97 70 23 69 14 92 34 4 29 48 83 90 
35 13 54 15 53 82 13 90 74 83 64 45 3 16 54 12 82 84 32 66 32 49 39 26 46 8 8 8 29 71 
92 1 52 5 41 12 81 60 15 86 91 91 87 7 76 55 76 27 14 29 23 97 52 96 87 82 23 81 39 76 
91 35 70 74 13 20 38 49 50 8 31 46 55 22 17 87 45 82 10 52 18 19 56 89 72 76 43 49 45 22 
83 67 75 34 2 23 61 16 52 55 55 86 37 22 35 21 98 21 28 64 13 15 81 20 99 20 18 94 34 70 
0 61 21 45 4 54 67 42 72 23 63 11 3 98 59 95 88 52 97 50 1 57 40 24 23 71 95 27 25 1 
33 14 63 45 56 77 60 73 47 4 62 33 25 57 10 89 69 77 54 96 3 18 4 11 46 67 1 73 57 0 
42 88 64 85 93 37 15 35 87 62 21 61 80 10 63 83 4 46 91 10 62 48 32 76 36 67 83 12 9 97 
75 82 26 89 97 13 35 19 50 96 91 85 64 45 12 82 79 38 24 99 93 64 24 24 19 77 56 60 4 5 
74 81 11 74 47 78 52 59 21 88 33 42 36 96 52 69 80 46 46 21 20 20 96 40 42 56 26 80 86 16 
57 73 61 31 99 30 85 75 96 13 69 61 63 59 50 41 60 23 40 64 11 91 51 22 65 68 99 93 37 50 
8 53 90 22 72 16 49 57 32 38 47 96 82 69 61 39 19 62 58 80 88 68 94 57 91 63 17 9 68 0 
60 54 65 81 50 40 43 78 42 19 88 71 70 57 49 62 70 76 93 89 19 91 53 55 90 86 20 40 16 51 
5 62 26 65 62 3 82 91 46 23 35 35 67 18 76 77 46 8 59 72 81 45 12 85 0 90 66 97 33 93 
74 15 55 78 89 62 62 14 30 22 90 23 56 76 93 65 29 63 33 90 18 32 54 48 2 74 30 6 62 66 
34 7 52 49 45 67 26 27 92 1 34 57 19 19 9 71 1 41 38 56 59 10 63 65 42 5 58 47 81 2 
92 22 39 5 59 33 92 63 40 47 39 43 35 1 13 21 68 1 37 18 61 23 55 86 31 86 38 16 43 74 
27 43 46 51 73 55 54 74 96 18 56 14 51 12 72 39 90 2 84 3 57 9 7 63 41 53 83 13 95 74 
20 5 76 65 83 90 74 66 42 11 44 2 20 25 35 71 82 36 1 5 79 69 29 68 29 4 23 66 6 72 
28 64 50 69 73 68 38 35 90 89 79 11 9 1 6 80 63 76 1 35 34 40 49 44 31 95 33 3 90 93 
7 90 10 62 94 75 1 20 19 32 80 18 66 72 51 19 8 85 63 75 62 60 14 83 65 30 54 27 71 49 
20 22 18 1 80 38 8 11 76 56 8 86 13 90 57 22 13 76 45 51 29 9 98 14 0 79 69 82 97 48 
42 57 76 58 94 42 32 52 51 45 50 79 59 54 72 82 50 16 28 11 59 94 11 9 39 81 88 37 78 10 
73 82 98 75 6 21 15 57 26 60 77 25 14 58 1 49 48 14 94 42 10 79 15 33 24 0 16 23 11 37 
82 79 3 94 34 79 45 52 81 92 80 5 39 80 91 31 36 38 43 49 87 16 64 52 1 93 42 99 55 82 
36 24 44 9 20 93 97 75 13 6 19 0 74 26 90 15 43 1 39 43 72 92 73 84 77 20 31 3 1 15 
83 81 67 11 2 74 69 31 82 99 18 55 78 37 49 52 80 19 67 39 57 41 59 89 46 21 24 90 40 98 
95 48 25 22 44 77 65 3 6 0 32 17 51 91 30 64 6 7 57 57 94 85 14 62 39 29 49 33 65 85 
87 15 83 93 3 85 43 69 18 79 95 35 38 23 90 21 71 49 8 4 69 76 95 43 5 93 60 44 71 55 
48 46 55 99 83 35 39 32 74 2 17 41 15 13 40 42 2 70 21 60 78 50 62 2 72 87 99 74 79 6 
53 51 3 33 50 98 72 51 53 4 86 57 94 81 53 55 26 29 34 79 22 74 0 44 80 41 68 56 38 2 
64 32 80 16 50 20 1 64 93 11 63 22 63 83 52 49 8 20 33 69 25 8 40 71 21 77 65 78 58 58 
38 25 95 79 91 74 93 1 62 54 44 78 86 85 22 95 70 45 90 14 46 74 95 33 65 36 47 31 58 79 
54 66 88 49 61 47 68 79 21 85 8 31 89 5 37 74 21 76 97 27 20 83 98 89 53 48 10 58 45 83 
99 87 6 23 52 33 65 79 44 13 11 99 39 62 49 38 30 49 50 76 58 6 29 14 72 87 94 63 11 32 
42 99 26 28 96 37 64 91 18 58 2 91 25 87 79 18 9 18 78 47 36 14 52 50 60 38 99 71 96 6 
29 55 29 40 74 5 47 85 35 91 44 11 70 55 10 12 75 76 13 74 89 90 42 72 49 79 67 28 56 73 

1946 2530 1814 312 1494 1336 1636 1914 252 1575 1718 214 687 1985 791 2357 2624 1103 1676 2271 2561 220 935 1577 1935 1344 1436 1194 2237 1909 

18921 4388 17206 15923 12377 1347 2035 15451 6315 12910 12629 15172 3263 17793 7609 1315 7780 10357 13681 13788 15722 18528 15096 14920 19172 14082 2385 12500 19624 16745 