90
30

35 25 93 94 96 73 73 22 42 80 9 73 48 61 34 54 31 14 21 38 78 94 67 6 68 86 5 22 78 90 
95 24 38 33 0 64 99 70 24 19 28 59 95 59 27 1 1 49 55 90 13 18 4 13 68 18 35 97 80 60 
1 83 8 99 97 91 99 10 23 87 86 68 41 81 9 26 66 17 84 64 37 10 44 37 18 76 27 61 74 45 
79 3 94 35 5 67 48 56 77 97 29 58 90 33 91 41 24 98 1 98 45 88 52 42 62 11 12 65 24 86 
15 10 12 0 97 56 73 80 60 54 94 42 90 59 16 6 78 50 37 99 26 24 44 90 16 21 89 11 91 0 
88 78 72 86 13 4 11 47 96 74 40 79 82 19 92 10 92 9 85 36 68 61 96 69 40 19 76 48 19 63 
67 48 98 47 49 85 38 74 95 2 58 62 29 91 49 57 28 72 94 96 82 46 60 20 28 97 92 4 17 92 
20 48 68 14 77 37 33 36 67 72 72 9 40 36 7 17 73 38 5 46 48 47 25 42 81 15 0 67 53 52 
61 90 34 1 29 49 1 18 98 87 5 66 25 44 23 70 85 53 9 1 40 79 26 75 54 5 21 92 49 27 
80 51 65 44 77 11 98 43 93 93 3 2 78 28 98 80 85 17 16 59 83 36 60 59 51 20 99 31 93 0 
75 19 24 69 22 25 36 24 32 30 23 92 94 60 38 36 95 78 2 8 83 65 95 91 5 14 94 54 72 37 
36 94 38 77 37 52 59 70 73 38 2 86 10 77 2 61 57 71 83 94 51 55 10 67 19 68 23 16 72 77 
74 52 9 32 59 28 68 27 43 86 23 8 88 29 24 37 45 19 33 20 87 75 5 51 53 29 2 23 77 80 
53 20 88 27 97 79 21 89 66 2 73 42 97 42 79 18 80 92 27 68 88 73 96 60 36 66 7 81 65 67 
36 61 52 42 87 28 8 2 67 72 77 61 86 80 75 3 80 57 42 94 37 57 66 26 57 81 16 52 1 21 
0 66 83 59 35 33 29 37 73 76 0 78 45 72 55 4 13 9 1 89 25 20 49 52 34 79 81 62 12 39 
1 14 76 39 13 13 12 12 56 56 45 77 85 3 14 79 89 89 41 34 69 1 90 81 26 39 84 39 38 18 
93 38 8 91 34 62 30 6 45 30 97 1 4 88 49 34 26 7 31 75 60 4 16 23 47 15 14 18 30 14 
59 58 25 38 59 54 88 65 48 64 44 63 68 9 50 96 78 49 22 62 62 71 48 1 90 24 55 91 46 8 
10 19 36 82 71 10 27 67 25 32 94 53 66 22 70 31 8 93 20 21 39 28 99 51 53 63 46 19 21 7 
42 45 86 73 23 83 96 2 23 65 6 3 6 83 17 43 90 36 26 76 83 13 15 70 93 57 98 81 53 62 
0 91 7 80 42 1 33 46 60 45 91 49 67 70 30 5 53 95 0 11 76 46 38 80 85 32 33 1 79 1 
88 52 96 1 30 86 88 30 43 46 24 46 12 86 15 83 28 12 76 75 59 59 54 8 14 71 84 36 43 57 
67 23 43 28 61 24 90 48 55 94 87 54 44 95 4 12 31 44 67 42 37 10 14 2 77 74 4 27 44 87 
82 70 4 3 16 71 97 77 49 71 99 30 63 30 79 60 19 30 71 11 30 72 37 58 93 77 88 58 59 78 
95 67 48 50 6 52 20 7 52 6 56 77 97 82 29 28 82 88 46 9 62 98 9 21 25 5 14 39 52 80 
94 50 67 40 72 77 65 34 77 2 24 89 45 5 52 97 3 94 8 6 11 86 7 71 5 54 96 66 79 61 
58 66 81 60 88 48 21 96 43 69 20 64 59 32 37 10 90 27 66 66 8 24 74 65 81 52 34 73 97 89 
77 33 18 44 57 16 83 12 99 19 77 31 93 43 52 69 39 65 59 28 58 73 33 26 31 18 32 18 19 26 
21 48 83 61 68 49 18 20 78 35 47 26 78 49 51 33 45 67 42 62 33 61 80 38 32 80 16 82 82 0 
96 3 10 50 57 69 67 19 21 65 96 98 40 64 30 7 62 69 31 21 26 8 7 94 96 74 52 33 98 63 
27 84 11 33 55 28 45 99 98 97 84 36 57 62 89 48 89 42 1 28 48 55 54 27 99 96 29 90 38 10 
80 35 36 10 23 91 95 48 80 9 67 32 85 11 82 68 43 58 86 49 56 30 86 25 78 61 55 43 62 83 
35 16 3 36 50 74 0 92 17 3 79 73 3 77 66 61 89 37 83 43 26 74 27 36 80 14 32 70 38 15 
43 44 85 38 44 75 87 27 21 94 58 19 48 86 59 88 26 46 96 69 31 20 85 21 24 49 16 35 40 30 
39 97 76 57 29 41 16 25 35 72 76 97 1 49 75 56 12 29 27 21 16 44 41 70 15 45 66 17 28 34 
10 34 71 78 30 97 7 68 66 29 57 69 67 43 80 76 38 12 61 65 93 33 64 21 5 44 41 59 87 28 
97 83 35 92 71 53 32 31 56 46 78 94 89 33 6 16 75 13 98 97 30 69 7 20 52 40 50 60 59 30 
28 11 55 85 95 34 98 21 72 19 14 76 74 97 40 32 16 43 17 3 4 72 65 16 13 13 91 20 38 2 
42 78 43 39 79 72 57 3 36 84 99 14 14 45 8 81 94 89 31 92 84 19 88 17 36 88 18 35 89 58 
70 21 34 80 97 27 97 8 72 63 92 51 25 58 90 14 74 56 7 83 96 74 1 63 71 26 37 70 87 1 
54 35 80 37 54 65 65 33 86 84 78 92 96 36 22 89 73 28 99 0 9 46 67 43 45 66 59 15 85 53 
48 19 91 7 38 36 92 19 33 54 69 21 99 87 1 55 23 34 94 9 47 57 3 67 10 94 38 91 43 11 
20 30 90 88 6 13 54 70 14 82 0 34 18 72 44 62 85 32 21 15 81 60 17 40 65 87 5 63 52 29 
1 63 6 3 61 0 0 70 67 61 58 49 73 54 56 17 9 49 48 92 71 44 61 63 47 26 47 3 39 31 
8 0 96 36 31 75 72 38 75 75 59 95 37 68 71 41 51 67 75 94 15 69 89 27 59 79 8 63 72 67 
12 20 75 54 79 11 4 55 94 80 31 4 43 29 35 44 25 63 21 62 10 64 33 97 51 60 0 52 6 64 
36 85 35 93 69 74 84 87 61 57 59 92 65 15 71 83 11 35 75 30 33 74 68 41 72 18 96 33 4 1 
87 9 11 18 29 57 56 67 32 80 59 0 61 36 73 44 28 47 98 54 75 94 2 0 87 24 27 79 21 27 
94 28 29 46 39 82 28 60 51 75 32 24 79 6 53 65 52 5 37 77 1 71 86 49 91 72 94 32 16 28 
87 17 89 14 48 91 40 46 73 93 15 67 76 69 26 4 50 23 94 96 57 97 99 6 83 33 11 48 98 97 
80 22 13 67 5 19 96 25 2 37 20 88 59 40 43 83 26 25 28 47 91 91 82 98 45 38 50 24 23 17 
98 71 83 21 81 37 58 82 60 98 91 34 35 20 44 25 99 51 33 7 25 66 34 44 43 37 65 99 83 42 
36 98 77 24 15 88 33 77 64 25 62 26 45 71 92 7 77 80 95 74 20 92 36 2 10 92 6 41 58 75 
90 53 6 39 2 39 85 92 72 29 35 46 63 93 74 38 80 8 13 92 68 73 86 26 22 69 7 47 72 0 
97 8 87 60 38 19 31 21 30 9 63 28 83 25 58 50 63 77 97 24 59 81 40 83 52 60 2 72 10 4 
81 75 29 95 4 11 88 43 2 88 7 16 30 0 17 20 78 15 70 89 51 98 66 92 21 59 63 51 57 9 
5 37 7 92 72 85 79 96 56 51 44 80 98 97 60 65 45 69 90 73 26 24 63 18 36 3 5 70 89 59 
27 71 72 98 58 45 21 84 63 48 94 9 69 49 9 39 99 35 74 92 96 78 37 93 64 10 20 22 73 6 
20 49 16 40 92 22 83 96 41 53 19 40 2 13 75 68 68 35 56 12 9 85 37 47 80 57 95 46 16 85 
92 71 74 91 86 90 46 20 61 72 73 7 17 88 26 91 48 25 28 82 0 92 54 27 86 69 7 33 9 37 
70 57 15 88 87 60 63 88 11 86 12 69 30 14 42 51 62 98 58 27 64 83 59 63 11 75 54 97 44 93 
71 39 79 35 79 96 23 35 31 93 62 90 88 49 0 0 87 31 56 20 61 96 75 44 25 6 79 65 89 53 
89 65 54 47 85 45 10 52 67 0 36 56 75 86 80 43 42 43 58 69 0 72 0 73 83 76 50 91 58 15 
73 25 15 28 45 2 80 42 18 30 29 44 86 21 22 4 14 47 90 76 71 51 36 0 4 16 34 96 45 85 
45 20 25 68 66 20 40 84 7 11 99 21 41 61 49 22 76 56 51 26 52 89 52 4 53 79 86 98 99 24 
85 42 35 57 99 6 61 31 46 16 53 66 35 34 59 47 53 89 5 33 88 11 7 24 41 97 90 12 47 13 
68 86 4 13 24 81 86 28 94 5 82 65 55 52 96 94 63 7 89 39 79 4 59 0 11 79 85 43 34 35 
73 69 60 11 98 37 2 28 12 92 29 44 78 37 1 43 34 43 55 47 7 86 64 21 34 60 91 7 45 95 
19 11 37 93 12 35 22 49 63 13 40 22 7 2 73 83 24 43 91 42 62 80 20 34 25 13 17 23 47 13 
91 49 29 33 96 28 90 97 94 73 94 30 67 9 39 88 19 95 8 85 91 68 34 23 99 79 26 90 51 89 
55 61 6 44 96 26 95 34 77 41 92 26 83 55 29 12 12 67 78 8 82 32 48 15 43 97 79 10 29 41 
11 27 61 66 81 59 1 42 63 90 86 17 56 20 18 40 95 57 85 57 23 97 28 77 59 95 87 28 55 8 
94 35 13 69 88 99 21 18 72 63 16 91 49 77 85 55 82 21 72 38 92 31 39 82 72 43 9 36 86 47 
81 44 81 21 4 18 30 87 39 85 88 2 56 49 23 79 41 26 59 10 2 13 39 18 20 23 93 82 66 83 
84 90 74 86 47 27 69 43 54 10 62 67 72 1 72 93 88 88 45 18 31 0 62 12 5 2 72 24 14 75 
86 1 46 97 13 90 48 61 30 80 4 3 26 13 1 32 36 70 48 70 80 11 78 66 66 29 44 18 13 29 
9 35 12 69 64 13 34 5 38 12 44 32 93 57 78 15 96 96 9 43 31 98 91 75 77 58 65 25 83 60 
69 26 0 1 71 84 51 87 38 74 70 45 3 70 10 14 76 6 29 24 35 95 86 49 81 73 7 10 45 29 
22 74 80 46 57 47 76 62 45 75 85 30 94 9 36 31 17 76 90 61 19 78 47 22 87 4 17 60 42 33 
26 38 35 62 95 58 0 71 27 33 7 34 95 0 61 30 9 19 50 96 0 0 34 46 62 41 33 49 26 82 
57 20 68 15 68 81 76 78 94 5 9 48 21 30 51 1 19 15 21 8 17 81 97 81 90 50 83 83 44 77 
94 80 22 40 62 91 42 40 93 62 57 8 95 71 93 29 97 44 14 50 9 36 0 97 83 8 52 40 0 99 
64 82 70 85 11 46 40 64 52 7 29 8 51 70 40 87 56 6 35 33 91 0 46 10 56 60 71 24 34 95 
87 56 62 65 65 21 90 68 67 98 64 1 77 57 89 10 89 96 64 37 31 60 93 12 40 3 12 44 85 17 
98 24 7 37 28 31 48 4 29 17 43 26 18 97 43 91 33 78 70 16 94 6 12 15 62 11 36 56 72 76 
59 15 52 66 7 45 76 90 50 41 92 82 6 46 31 25 41 36 91 52 99 81 49 99 62 76 39 0 14 77 
12 37 40 88 57 89 18 96 46 56 64 34 45 33 31 27 89 70 97 58 22 40 76 44 52 9 31 14 62 66 
90 41 81 65 85 52 18 93 62 28 98 49 44 74 50 20 25 0 52 70 50 67 31 81 89 74 53 32 28 93 
67 72 17 90 2 52 60 60 92 4 41 93 18 93 2 47 68 72 34 68 57 19 45 14 74 43 11 57 22 69 

43 85 28 7 47 72 86 27 92 73 72 20 5 41 47 80 92 6 67 25 67 24 22 34 60 10 67 93 15 28 
0 43 87 49 26 10 12 11 24 42 92 22 86 73 15 99 9 26 31 39 63 89 22 60 47 39 47 56 27 4 
68 56 5 81 57 84 68 49 64 58 17 43 90 70 68 98 82 40 78 48 67 39 54 57 77 23 19 21 25 9 
58 57 60 8 82 73 83 78 55 80 13 67 91 3 49 71 12 91 42 2 16 26 84 63 15 1 85 74 23 6 
89 72 4 37 48 9 30 23 55 11 87 40 5 59 45 49 46 22 62 77 22 42 8 43 28 64 22 73 35 44 
22 72 43 86 59 59 75 98 71 44 26 56 64 47 24 23 49 60 65 61 11 12 31 35 64 88 7 84 46 3 
55 31 47 54 4 38 65 68 68 34 52 52 7 76 82 95 88 13 51 74 2 71 99 80 65 72 16 54 88 59 
60 5 5 97 7 39 98 53 11 39 42 89 42 68 73 28 38 62 52 54 68 81 66 75 15 96 7 60 20 40 
0 17 34 67 83 74 82 70 64 2 35 78 98 58 34 16 58 62 25 3 5 34 93 26 75 38 96 5 26 26 
56 49 34 77 35 61 22 62 27 45 51 96 24 17 21 48 43 27 57 17 35 54 75 11 92 10 58 67 30 81 
74 13 26 87 40 51 32 38 92 26 68 17 18 89 13 21 83 86 9 36 27 27 61 29 25 10 4 87 56 14 
49 27 94 79 58 67 31 44 88 26 98 98 7 92 37 77 85 83 44 16 96 82 84 18 92 23 51 21 42 67 
19 69 36 77 10 3 0 6 78 52 67 36 81 79 19 32 88 99 74 27 46 98 90 10 8 7 14 12 89 4 
92 13 10 68 24 94 34 78 26 25 16 64 32 56 20 36 50 55 66 34 59 6 20 10 1 68 36 3 15 48 
9 85 13 45 2 86 91 71 65 16 33 51 38 61 43 57 26 4 23 30 72 6 69 2 82 47 62 9 70 9 
79 65 16 56 39 35 79 43 66 30 86 46 41 14 2 15 60 86 49 84 32 83 22 79 81 28 33 21 30 93 
70 18 90 78 54 79 76 13 37 99 26 24 67 13 93 50 23 92 39 71 74 46 45 96 41 60 22 25 62 63 
86 82 59 17 29 80 0 79 4 60 80 58 94 34 65 81 56 0 78 49 36 22 21 25 4 3 66 98 65 66 
42 17 33 44 19 85 77 42 67 53 75 15 27 64 46 72 20 29 21 7 6 35 6 26 49 24 23 95 44 85 
33 52 32 49 97 50 93 91 11 19 7 62 18 70 4 5 1 79 60 55 2 23 7 93 2 49 50 15 92 15 
34 53 97 14 78 39 31 79 88 99 9 42 4 34 31 71 51 11 32 26 99 74 35 0 40 56 74 40 52 34 
72 64 4 80 77 12 13 86 8 11 68 64 45 22 80 67 90 21 17 53 56 14 36 18 82 99 26 50 72 24 
20 87 98 94 34 82 41 38 52 4 24 33 60 33 95 53 94 23 40 75 63 46 41 73 57 35 27 83 49 95 
44 9 56 45 80 15 17 21 4 10 1 27 2 36 52 46 30 5 38 34 2 44 60 46 3 63 33 91 77 20 
50 99 37 81 95 48 99 90 53 97 33 80 47 4 86 16 92 33 20 28 43 97 70 95 92 51 5 73 22 71 
64 83 34 66 96 5 10 3 11 37 56 56 39 27 67 1 42 73 89 19 36 55 74 76 12 47 50 1 59 24 
66 73 41 51 66 91 63 27 9 81 46 28 50 84 85 60 21 4 63 12 15 20 44 94 31 5 68 76 41 80 
28 64 95 17 87 5 72 60 81 72 38 26 5 92 69 11 82 17 57 13 63 44 0 44 10 37 54 82 53 10 
79 12 20 72 24 37 4 33 38 54 91 46 76 43 65 10 60 6 86 68 7 48 80 82 37 91 0 53 15 75 
54 36 90 65 92 56 54 85 15 26 12 43 29 32 40 9 76 18 78 84 7 11 92 42 76 46 79 53 75 91 
23 16 32 91 11 47 52 54 72 31 70 82 3 91 35 95 81 66 59 9 93 99 98 73 15 51 36 59 40 16 
98 81 23 6 22 70 91 11 54 35 51 60 39 1 81 53 42 80 89 23 11 29 82 50 65 12 68 42 67 51 
95 56 27 32 97 15 32 21 89 50 1 96 50 77 19 90 76 79 86 9 87 58 3 77 34 76 58 17 27 5 
2 54 81 43 21 31 62 77 44 46 75 99 45 64 14 2 26 58 79 7 98 86 35 13 76 11 52 60 80 2 
56 43 96 7 93 37 38 47 71 94 12 5 30 38 85 95 73 73 5 21 43 71 10 94 29 0 48 39 45 24 
79 17 2 77 28 51 91 92 31 29 12 36 64 10 45 85 70 77 44 46 19 99 82 95 51 96 2 98 9 27 
36 36 52 36 2 48 0 35 92 54 54 3 11 41 2 27 23 5 97 25 30 93 58 17 69 95 48 34 20 51 
22 95 58 4 47 66 74 9 37 10 77 61 59 76 28 11 2 79 79 0 11 86 19 4 34 4 40 81 27 31 
89 72 24 16 56 79 57 42 27 36 89 33 86 42 97 37 60 19 12 42 36 19 6 35 86 85 83 94 91 54 
14 88 46 42 26 19 85 54 26 31 51 18 28 65 21 20 17 51 41 3 55 48 31 49 24 78 91 60 64 26 
79 6 31 87 69 7 11 89 11 64 44 27 27 62 49 73 45 9 65 65 37 68 24 83 10 23 56 49 81 71 
59 43 23 24 0 88 69 81 36 64 11 86 52 55 17 94 73 27 81 16 87 5 55 87 91 86 31 13 40 13 
87 75 75 93 0 85 40 33 93 46 32 36 72 39 38 70 73 56 42 2 14 39 28 76 35 1 96 54 62 36 
65 65 29 49 41 29 52 59 71 42 25 50 4 53 95 86 39 55 30 6 21 79 88 70 30 64 52 15 56 37 
82 48 66 29 10 85 10 9 79 8 8 16 85 9 28 18 88 30 39 26 11 21 2 43 11 92 35 34 20 6 
60 39 81 51 27 57 21 93 58 94 43 87 67 34 27 7 56 88 73 17 73 24 23 94 96 82 50 79 80 31 
87 13 71 20 62 85 82 35 37 99 85 52 66 41 62 56 42 92 12 74 81 35 22 25 62 36 41 92 32 0 
5 79 37 46 25 94 36 36 11 75 21 49 15 53 33 9 4 21 59 83 93 43 55 15 17 30 6 75 95 70 
47 14 46 82 90 82 31 29 26 29 45 19 20 4 94 75 87 22 5 49 41 64 72 16 48 30 36 72 22 56 
44 21 45 73 37 24 2 62 72 49 67 34 60 40 69 42 92 98 35 4 73 38 85 87 93 69 25 93 8 14 
61 41 93 53 37 21 12 69 66 97 5 33 3 61 85 41 86 60 3 7 43 68 16 65 28 70 74 32 62 63 
7 47 62 9 73 78 95 95 2 60 9 66 60 12 90 64 94 53 79 69 43 94 38 24 39 90 41 0 7 91 
45 38 59 94 47 58 37 15 52 22 37 19 96 11 39 76 96 38 9 38 38 1 53 52 8 69 47 51 30 30 
56 85 71 60 35 6 28 1 62 85 2 24 47 50 26 46 21 65 97 19 4 88 42 3 98 82 4 96 42 63 
38 80 60 9 48 12 57 63 98 69 50 16 0 13 57 34 35 49 54 77 84 88 99 22 53 40 63 88 35 89 
26 25 45 38 31 12 96 20 94 77 41 10 24 40 60 95 93 34 96 66 63 63 54 67 61 91 21 93 61 78 
72 24 99 14 64 59 55 99 45 51 65 89 22 90 32 92 60 66 79 91 14 12 44 30 20 20 9 77 83 61 
24 68 48 70 57 86 46 64 90 27 37 17 35 67 97 91 44 13 38 16 37 27 35 66 69 39 3 52 8 89 
58 60 11 74 56 86 99 76 79 44 68 11 22 69 19 13 3 12 55 50 92 27 89 42 38 76 80 5 35 12 
72 66 55 24 4 20 49 25 18 1 84 54 95 17 64 1 82 55 66 72 82 53 81 72 52 17 38 57 96 98 
59 91 64 78 66 3 5 34 43 33 8 57 20 18 50 70 37 50 33 53 98 3 68 77 26 17 45 13 87 92 
7 45 30 22 94 25 71 65 43 49 13 45 61 19 82 27 86 46 26 96 35 95 96 58 75 82 9 20 84 70 
73 30 77 23 14 79 22 34 35 95 70 0 96 93 67 41 99 38 29 76 27 59 94 1 43 4 93 32 70 33 
82 6 17 87 45 69 87 79 55 65 9 95 61 32 90 96 14 58 39 78 77 49 46 2 69 19 7 28 34 97 
15 96 54 23 81 47 20 70 35 82 50 4 31 84 13 88 54 69 91 85 3 37 4 6 1 32 64 26 44 32 
31 49 6 46 10 99 58 61 89 71 57 90 12 72 22 98 48 22 7 17 82 15 30 76 57 42 21 94 34 30 
95 36 43 69 69 8 60 93 81 48 8 71 62 46 94 13 92 92 11 89 29 39 71 22 93 21 54 8 44 80 
80 69 86 78 53 39 90 2 12 43 16 91 9 21 70 35 96 7 35 36 71 49 63 24 41 60 4 67 89 11 
23 21 54 10 30 12 65 47 16 39 72 67 66 45 98 31 12 86 70 59 33 19 20 69 11 55 72 62 6 74 
29 9 17 91 55 49 27 10 8 85 54 23 47 64 70 28 52 63 30 70 13 7 53 44 74 16 36 7 44 39 
84 70 13 19 0 7 31 13 60 59 34 52 74 50 39 11 3 27 23 33 76 98 73 16 46 36 70 68 62 45 
35 85 54 52 55 9 54 27 77 57 0 68 20 48 6 6 51 66 76 97 36 15 15 26 45 83 51 32 72 1 
75 30 20 73 70 81 42 4 74 52 38 68 4 58 63 81 40 72 82 64 36 58 91 33 21 50 72 32 93 91 
65 2 20 12 75 52 22 87 35 82 65 24 8 61 15 70 86 62 27 21 32 23 65 0 58 71 80 8 47 21 
82 86 58 58 6 34 72 56 36 68 67 79 44 30 26 81 60 61 36 7 81 17 97 40 82 77 84 63 88 83 
10 32 14 9 85 63 99 33 83 95 73 88 45 80 36 96 84 3 54 7 81 37 74 15 74 90 42 12 87 1 
52 98 50 82 73 66 0 14 30 35 78 60 31 77 49 31 81 91 20 32 97 99 14 77 42 66 57 29 35 96 
60 29 93 18 6 14 26 85 83 16 87 60 25 22 44 36 35 28 27 28 19 2 76 46 52 57 80 10 38 92 
87 86 69 49 37 51 62 3 27 8 38 74 22 21 90 31 80 28 30 24 34 60 18 76 62 75 33 12 43 80 
8 94 62 5 53 13 27 47 53 52 16 95 91 2 46 22 40 16 45 88 34 25 72 84 0 49 15 29 22 82 
50 2 56 30 56 46 24 33 13 97 62 95 20 22 91 16 33 60 38 88 80 16 22 94 24 36 97 43 77 69 
5 11 78 92 71 75 5 68 68 71 57 38 20 94 51 84 12 38 16 22 45 35 64 78 41 48 82 99 90 12 
78 72 91 48 68 62 39 83 79 95 46 48 33 44 7 43 6 93 50 93 89 89 23 28 8 9 14 56 50 94 
7 38 36 34 15 45 17 11 45 88 84 22 90 35 24 34 51 65 69 77 26 13 9 35 30 13 62 12 34 46 
42 86 25 33 51 67 32 62 89 36 71 2 61 8 7 62 26 70 29 10 11 82 83 34 91 25 23 20 11 54 
70 97 83 82 71 40 11 1 23 62 4 21 99 20 90 81 77 12 45 55 65 62 86 72 87 95 14 17 60 57 
75 73 64 44 11 31 18 31 90 81 92 12 46 46 10 14 83 36 52 21 97 33 32 32 37 25 31 41 14 58 
93 12 13 70 31 78 72 26 90 6 48 73 66 83 59 81 82 36 92 34 59 82 10 92 54 61 91 40 26 23 
93 93 76 51 17 17 58 44 26 98 57 96 30 56 96 54 46 89 92 20 1 5 0 42 23 62 0 19 62 32 
11 95 9 53 60 23 15 51 8 40 40 25 39 63 68 29 55 6 75 25 15 76 32 45 47 3 86 15 88 8 

1946 2530 1814 312 1494 1336 1636 1914 252 1575 1718 214 687 1985 791 2357 2624 1103 1676 2271 2561 220 935 1577 1935 1344 1436 1194 2237 1909 

4546 4131 5875 3684 3565 5266 2758 1210 5064 4739 6183 3097 3579 2624 1964 4706 5603 4766 5979 1725 2356 2846 5265 1407 5384 4366 2360 1681 5851 3748 