90
30

43 85 28 7 47 72 86 27 92 73 72 20 5 41 47 80 92 6 67 25 67 24 22 34 60 10 67 93 15 28 
0 43 87 49 26 10 12 11 24 42 92 22 86 73 15 99 9 26 31 39 63 89 22 60 47 39 47 56 27 4 
68 56 5 81 57 84 68 49 64 58 17 43 90 70 68 98 82 40 78 48 67 39 54 57 77 23 19 21 25 9 
58 57 60 8 82 73 83 78 55 80 13 67 91 3 49 71 12 91 42 2 16 26 84 63 15 1 85 74 23 6 
89 72 4 37 48 9 30 23 55 11 87 40 5 59 45 49 46 22 62 77 22 42 8 43 28 64 22 73 35 44 
22 72 43 86 59 59 75 98 71 44 26 56 64 47 24 23 49 60 65 61 11 12 31 35 64 88 7 84 46 3 
55 31 47 54 4 38 65 68 68 34 52 52 7 76 82 95 88 13 51 74 2 71 99 80 65 72 16 54 88 59 
60 5 5 97 7 39 98 53 11 39 42 89 42 68 73 28 38 62 52 54 68 81 66 75 15 96 7 60 20 40 
0 17 34 67 83 74 82 70 64 2 35 78 98 58 34 16 58 62 25 3 5 34 93 26 75 38 96 5 26 26 
56 49 34 77 35 61 22 62 27 45 51 96 24 17 21 48 43 27 57 17 35 54 75 11 92 10 58 67 30 81 
74 13 26 87 40 51 32 38 92 26 68 17 18 89 13 21 83 86 9 36 27 27 61 29 25 10 4 87 56 14 
49 27 94 79 58 67 31 44 88 26 98 98 7 92 37 77 85 83 44 16 96 82 84 18 92 23 51 21 42 67 
19 69 36 77 10 3 0 6 78 52 67 36 81 79 19 32 88 99 74 27 46 98 90 10 8 7 14 12 89 4 
92 13 10 68 24 94 34 78 26 25 16 64 32 56 20 36 50 55 66 34 59 6 20 10 1 68 36 3 15 48 
9 85 13 45 2 86 91 71 65 16 33 51 38 61 43 57 26 4 23 30 72 6 69 2 82 47 62 9 70 9 
79 65 16 56 39 35 79 43 66 30 86 46 41 14 2 15 60 86 49 84 32 83 22 79 81 28 33 21 30 93 
70 18 90 78 54 79 76 13 37 99 26 24 67 13 93 50 23 92 39 71 74 46 45 96 41 60 22 25 62 63 
86 82 59 17 29 80 0 79 4 60 80 58 94 34 65 81 56 0 78 49 36 22 21 25 4 3 66 98 65 66 
42 17 33 44 19 85 77 42 67 53 75 15 27 64 46 72 20 29 21 7 6 35 6 26 49 24 23 95 44 85 
33 52 32 49 97 50 93 91 11 19 7 62 18 70 4 5 1 79 60 55 2 23 7 93 2 49 50 15 92 15 
34 53 97 14 78 39 31 79 88 99 9 42 4 34 31 71 51 11 32 26 99 74 35 0 40 56 74 40 52 34 
72 64 4 80 77 12 13 86 8 11 68 64 45 22 80 67 90 21 17 53 56 14 36 18 82 99 26 50 72 24 
20 87 98 94 34 82 41 38 52 4 24 33 60 33 95 53 94 23 40 75 63 46 41 73 57 35 27 83 49 95 
44 9 56 45 80 15 17 21 4 10 1 27 2 36 52 46 30 5 38 34 2 44 60 46 3 63 33 91 77 20 
50 99 37 81 95 48 99 90 53 97 33 80 47 4 86 16 92 33 20 28 43 97 70 95 92 51 5 73 22 71 
64 83 34 66 96 5 10 3 11 37 56 56 39 27 67 1 42 73 89 19 36 55 74 76 12 47 50 1 59 24 
66 73 41 51 66 91 63 27 9 81 46 28 50 84 85 60 21 4 63 12 15 20 44 94 31 5 68 76 41 80 
28 64 95 17 87 5 72 60 81 72 38 26 5 92 69 11 82 17 57 13 63 44 0 44 10 37 54 82 53 10 
79 12 20 72 24 37 4 33 38 54 91 46 76 43 65 10 60 6 86 68 7 48 80 82 37 91 0 53 15 75 
54 36 90 65 92 56 54 85 15 26 12 43 29 32 40 9 76 18 78 84 7 11 92 42 76 46 79 53 75 91 
23 16 32 91 11 47 52 54 72 31 70 82 3 91 35 95 81 66 59 9 93 99 98 73 15 51 36 59 40 16 
98 81 23 6 22 70 91 11 54 35 51 60 39 1 81 53 42 80 89 23 11 29 82 50 65 12 68 42 67 51 
95 56 27 32 97 15 32 21 89 50 1 96 50 77 19 90 76 79 86 9 87 58 3 77 34 76 58 17 27 5 
2 54 81 43 21 31 62 77 44 46 75 99 45 64 14 2 26 58 79 7 98 86 35 13 76 11 52 60 80 2 
56 43 96 7 93 37 38 47 71 94 12 5 30 38 85 95 73 73 5 21 43 71 10 94 29 0 48 39 45 24 
79 17 2 77 28 51 91 92 31 29 12 36 64 10 45 85 70 77 44 46 19 99 82 95 51 96 2 98 9 27 
36 36 52 36 2 48 0 35 92 54 54 3 11 41 2 27 23 5 97 25 30 93 58 17 69 95 48 34 20 51 
22 95 58 4 47 66 74 9 37 10 77 61 59 76 28 11 2 79 79 0 11 86 19 4 34 4 40 81 27 31 
89 72 24 16 56 79 57 42 27 36 89 33 86 42 97 37 60 19 12 42 36 19 6 35 86 85 83 94 91 54 
14 88 46 42 26 19 85 54 26 31 51 18 28 65 21 20 17 51 41 3 55 48 31 49 24 78 91 60 64 26 
79 6 31 87 69 7 11 89 11 64 44 27 27 62 49 73 45 9 65 65 37 68 24 83 10 23 56 49 81 71 
59 43 23 24 0 88 69 81 36 64 11 86 52 55 17 94 73 27 81 16 87 5 55 87 91 86 31 13 40 13 
87 75 75 93 0 85 40 33 93 46 32 36 72 39 38 70 73 56 42 2 14 39 28 76 35 1 96 54 62 36 
65 65 29 49 41 29 52 59 71 42 25 50 4 53 95 86 39 55 30 6 21 79 88 70 30 64 52 15 56 37 
82 48 66 29 10 85 10 9 79 8 8 16 85 9 28 18 88 30 39 26 11 21 2 43 11 92 35 34 20 6 
60 39 81 51 27 57 21 93 58 94 43 87 67 34 27 7 56 88 73 17 73 24 23 94 96 82 50 79 80 31 
87 13 71 20 62 85 82 35 37 99 85 52 66 41 62 56 42 92 12 74 81 35 22 25 62 36 41 92 32 0 
5 79 37 46 25 94 36 36 11 75 21 49 15 53 33 9 4 21 59 83 93 43 55 15 17 30 6 75 95 70 
47 14 46 82 90 82 31 29 26 29 45 19 20 4 94 75 87 22 5 49 41 64 72 16 48 30 36 72 22 56 
44 21 45 73 37 24 2 62 72 49 67 34 60 40 69 42 92 98 35 4 73 38 85 87 93 69 25 93 8 14 
61 41 93 53 37 21 12 69 66 97 5 33 3 61 85 41 86 60 3 7 43 68 16 65 28 70 74 32 62 63 
7 47 62 9 73 78 95 95 2 60 9 66 60 12 90 64 94 53 79 69 43 94 38 24 39 90 41 0 7 91 
45 38 59 94 47 58 37 15 52 22 37 19 96 11 39 76 96 38 9 38 38 1 53 52 8 69 47 51 30 30 
56 85 71 60 35 6 28 1 62 85 2 24 47 50 26 46 21 65 97 19 4 88 42 3 98 82 4 96 42 63 
38 80 60 9 48 12 57 63 98 69 50 16 0 13 57 34 35 49 54 77 84 88 99 22 53 40 63 88 35 89 
26 25 45 38 31 12 96 20 94 77 41 10 24 40 60 95 93 34 96 66 63 63 54 67 61 91 21 93 61 78 
72 24 99 14 64 59 55 99 45 51 65 89 22 90 32 92 60 66 79 91 14 12 44 30 20 20 9 77 83 61 
24 68 48 70 57 86 46 64 90 27 37 17 35 67 97 91 44 13 38 16 37 27 35 66 69 39 3 52 8 89 
58 60 11 74 56 86 99 76 79 44 68 11 22 69 19 13 3 12 55 50 92 27 89 42 38 76 80 5 35 12 
72 66 55 24 4 20 49 25 18 1 84 54 95 17 64 1 82 55 66 72 82 53 81 72 52 17 38 57 96 98 
59 91 64 78 66 3 5 34 43 33 8 57 20 18 50 70 37 50 33 53 98 3 68 77 26 17 45 13 87 92 
7 45 30 22 94 25 71 65 43 49 13 45 61 19 82 27 86 46 26 96 35 95 96 58 75 82 9 20 84 70 
73 30 77 23 14 79 22 34 35 95 70 0 96 93 67 41 99 38 29 76 27 59 94 1 43 4 93 32 70 33 
82 6 17 87 45 69 87 79 55 65 9 95 61 32 90 96 14 58 39 78 77 49 46 2 69 19 7 28 34 97 
15 96 54 23 81 47 20 70 35 82 50 4 31 84 13 88 54 69 91 85 3 37 4 6 1 32 64 26 44 32 
31 49 6 46 10 99 58 61 89 71 57 90 12 72 22 98 48 22 7 17 82 15 30 76 57 42 21 94 34 30 
95 36 43 69 69 8 60 93 81 48 8 71 62 46 94 13 92 92 11 89 29 39 71 22 93 21 54 8 44 80 
80 69 86 78 53 39 90 2 12 43 16 91 9 21 70 35 96 7 35 36 71 49 63 24 41 60 4 67 89 11 
23 21 54 10 30 12 65 47 16 39 72 67 66 45 98 31 12 86 70 59 33 19 20 69 11 55 72 62 6 74 
29 9 17 91 55 49 27 10 8 85 54 23 47 64 70 28 52 63 30 70 13 7 53 44 74 16 36 7 44 39 
84 70 13 19 0 7 31 13 60 59 34 52 74 50 39 11 3 27 23 33 76 98 73 16 46 36 70 68 62 45 
35 85 54 52 55 9 54 27 77 57 0 68 20 48 6 6 51 66 76 97 36 15 15 26 45 83 51 32 72 1 
75 30 20 73 70 81 42 4 74 52 38 68 4 58 63 81 40 72 82 64 36 58 91 33 21 50 72 32 93 91 
65 2 20 12 75 52 22 87 35 82 65 24 8 61 15 70 86 62 27 21 32 23 65 0 58 71 80 8 47 21 
82 86 58 58 6 34 72 56 36 68 67 79 44 30 26 81 60 61 36 7 81 17 97 40 82 77 84 63 88 83 
10 32 14 9 85 63 99 33 83 95 73 88 45 80 36 96 84 3 54 7 81 37 74 15 74 90 42 12 87 1 
52 98 50 82 73 66 0 14 30 35 78 60 31 77 49 31 81 91 20 32 97 99 14 77 42 66 57 29 35 96 
60 29 93 18 6 14 26 85 83 16 87 60 25 22 44 36 35 28 27 28 19 2 76 46 52 57 80 10 38 92 
87 86 69 49 37 51 62 3 27 8 38 74 22 21 90 31 80 28 30 24 34 60 18 76 62 75 33 12 43 80 
8 94 62 5 53 13 27 47 53 52 16 95 91 2 46 22 40 16 45 88 34 25 72 84 0 49 15 29 22 82 
50 2 56 30 56 46 24 33 13 97 62 95 20 22 91 16 33 60 38 88 80 16 22 94 24 36 97 43 77 69 
5 11 78 92 71 75 5 68 68 71 57 38 20 94 51 84 12 38 16 22 45 35 64 78 41 48 82 99 90 12 
78 72 91 48 68 62 39 83 79 95 46 48 33 44 7 43 6 93 50 93 89 89 23 28 8 9 14 56 50 94 
7 38 36 34 15 45 17 11 45 88 84 22 90 35 24 34 51 65 69 77 26 13 9 35 30 13 62 12 34 46 
42 86 25 33 51 67 32 62 89 36 71 2 61 8 7 62 26 70 29 10 11 82 83 34 91 25 23 20 11 54 
70 97 83 82 71 40 11 1 23 62 4 21 99 20 90 81 77 12 45 55 65 62 86 72 87 95 14 17 60 57 
75 73 64 44 11 31 18 31 90 81 92 12 46 46 10 14 83 36 52 21 97 33 32 32 37 25 31 41 14 58 
93 12 13 70 31 78 72 26 90 6 48 73 66 83 59 81 82 36 92 34 59 82 10 92 54 61 91 40 26 23 
93 93 76 51 17 17 58 44 26 98 57 96 30 56 96 54 46 89 92 20 1 5 0 42 23 62 0 19 62 32 
11 95 9 53 60 23 15 51 8 40 40 25 39 63 68 29 55 6 75 25 15 76 32 45 47 3 86 15 88 8 

46 76 83 21 64 45 52 70 87 88 35 7 99 82 72 77 36 15 21 6 23 56 80 54 27 75 58 9 21 87 
38 41 89 35 96 44 11 26 49 70 14 96 62 91 65 54 28 70 68 45 4 23 62 34 67 89 47 76 24 62 
90 52 88 33 72 79 4 55 91 9 92 29 32 97 30 69 53 89 5 1 72 58 5 0 38 0 16 69 20 64 
62 13 61 74 4 66 62 63 64 82 10 45 66 71 56 76 0 69 8 89 37 64 96 4 78 7 25 39 97 97 
17 94 8 6 23 60 81 87 38 85 79 82 57 4 81 26 61 10 33 1 11 22 31 7 0 77 27 38 80 55 
6 77 67 14 95 64 99 89 91 95 90 84 2 43 10 73 67 25 82 67 86 53 78 22 70 35 53 13 2 23 
49 70 61 20 62 65 57 92 49 3 76 46 18 43 33 82 31 58 80 7 18 9 16 93 64 94 9 4 37 91 
5 18 63 21 5 43 56 78 23 72 70 14 53 52 33 85 23 45 70 80 99 15 25 90 79 69 56 5 74 27 
43 30 83 9 38 63 3 63 60 78 24 67 93 0 11 75 59 78 67 9 60 77 26 96 23 55 28 9 80 93 
69 71 74 94 33 13 78 69 43 8 49 82 86 20 87 6 15 37 27 29 13 80 24 5 86 1 91 42 14 20 
97 62 69 59 44 85 2 76 69 29 39 4 60 0 37 52 54 46 0 10 83 89 55 94 66 38 29 88 70 80 
88 89 3 83 21 67 78 53 81 73 88 49 25 88 87 31 0 65 36 99 78 25 81 51 35 16 79 66 27 18 
63 93 99 83 32 94 48 25 10 84 14 10 94 52 61 97 88 69 99 41 6 12 32 65 88 50 46 42 43 97 
75 57 30 94 94 47 51 2 47 21 89 11 91 21 34 82 30 74 80 0 55 40 78 99 20 68 81 64 28 95 
20 54 94 76 96 90 19 8 65 79 84 95 71 7 51 71 40 94 37 69 44 2 88 5 98 41 71 27 47 12 
67 32 62 82 25 50 45 80 18 72 15 65 4 42 24 88 82 55 30 66 13 32 19 44 17 55 50 88 91 90 
86 55 2 35 5 37 36 59 24 55 34 23 78 67 21 12 29 11 20 97 10 90 9 23 5 88 58 90 54 55 
56 59 7 98 16 19 71 97 15 88 37 98 7 28 65 60 25 10 75 76 48 50 67 76 2 4 65 89 26 91 
65 24 18 92 32 86 45 28 68 56 76 27 52 85 77 31 25 85 79 96 64 25 1 98 80 50 93 40 21 93 
35 17 74 47 1 99 91 9 70 34 90 23 55 69 98 82 82 55 42 50 19 82 8 43 58 54 9 58 4 4 
57 39 98 7 8 39 3 48 28 95 20 41 16 27 13 14 64 49 58 7 37 32 54 39 30 56 50 61 3 60 
82 71 18 57 25 81 30 87 95 60 96 18 76 82 14 12 32 65 99 39 40 68 65 74 67 90 63 33 55 92 
95 35 97 24 9 71 24 36 41 41 22 10 60 92 65 18 34 42 19 31 15 95 61 3 20 86 15 13 54 85 
99 47 6 80 43 46 96 95 3 53 74 21 2 28 95 75 62 42 15 95 6 23 84 55 53 55 27 45 28 40 
58 65 58 60 41 6 36 29 8 37 68 87 0 12 26 2 88 66 91 75 80 69 44 61 38 45 46 47 53 97 
8 59 42 67 54 93 92 45 17 68 32 96 23 78 28 68 60 69 36 5 25 70 39 76 13 66 72 87 68 81 
96 53 34 13 84 30 60 35 36 44 51 61 17 65 72 42 98 9 42 24 47 77 86 6 88 48 11 65 40 94 
46 40 92 92 54 98 72 33 96 8 37 67 23 14 75 27 14 77 91 23 84 18 40 8 42 95 7 32 63 90 
58 71 6 86 14 60 92 67 6 98 31 63 45 96 46 36 76 58 51 59 21 64 72 53 46 64 13 77 65 96 
17 77 3 14 71 60 68 71 46 24 98 89 81 80 95 30 52 39 52 27 79 45 39 55 63 89 6 57 63 22 
15 20 44 68 12 14 64 83 99 5 87 32 67 12 13 70 8 85 0 44 96 93 95 72 31 85 91 38 72 38 
8 31 96 5 37 7 83 51 6 57 85 10 57 6 48 16 40 71 91 95 71 72 63 11 94 54 20 11 61 69 
6 2 11 32 34 68 15 46 77 1 15 63 44 2 74 15 83 91 26 53 39 10 69 51 67 24 70 88 64 55 
52 5 83 86 84 85 39 43 19 40 13 27 9 59 25 62 30 87 26 69 80 15 29 97 23 14 84 70 15 49 
58 8 17 22 88 68 88 79 9 80 13 48 73 90 4 88 17 39 88 99 44 26 62 86 28 42 83 99 50 77 
17 91 31 30 81 53 16 70 30 32 28 49 85 34 0 39 14 68 43 51 86 86 12 79 81 24 86 47 24 46 
65 68 67 50 52 43 44 85 73 54 67 94 63 36 47 69 95 16 53 0 61 81 35 38 17 87 92 18 40 32 
44 3 86 56 51 39 20 42 78 59 79 27 6 40 70 42 35 26 24 56 32 61 68 79 20 99 58 52 0 85 
14 31 66 20 33 46 55 53 76 85 31 71 61 35 99 81 90 89 5 83 12 87 60 11 94 65 99 66 44 17 
58 73 15 0 34 53 86 38 63 65 93 0 22 72 59 69 50 51 50 13 41 24 44 27 46 89 7 22 3 93 
95 68 68 59 39 8 17 64 87 20 57 28 80 79 44 68 23 61 9 20 62 69 47 37 68 87 96 12 9 4 
37 88 41 34 79 50 67 45 6 17 39 75 18 76 84 85 63 18 15 84 76 83 25 28 52 13 92 72 16 79 
39 31 79 13 25 84 90 82 66 15 18 83 4 78 25 22 88 45 19 38 7 55 97 66 25 80 9 52 84 76 
8 67 73 89 82 86 99 32 49 22 87 40 91 35 8 95 56 57 7 55 27 97 82 33 69 27 30 29 92 54 
73 87 76 34 20 32 70 78 27 31 49 66 69 61 88 54 35 86 87 55 98 77 73 19 35 18 37 50 99 1 
1 26 52 86 18 15 29 82 41 16 84 78 36 38 38 34 93 23 31 2 94 65 49 42 17 84 71 53 94 52 
73 34 58 80 71 44 34 29 81 26 69 82 55 13 0 95 3 32 17 31 4 85 48 22 85 46 93 25 5 23 
80 76 82 86 10 31 43 27 22 71 96 21 98 11 38 16 84 22 61 48 91 71 22 72 21 34 69 53 8 30 
66 56 86 99 38 33 25 1 42 90 76 17 27 89 48 93 39 11 75 33 94 89 73 42 14 90 83 94 98 95 
43 43 90 21 50 25 43 66 96 14 2 83 92 23 65 21 10 76 77 64 12 72 70 81 41 46 69 58 3 71 
6 71 52 60 27 29 59 87 82 94 39 1 18 46 61 25 38 73 51 57 81 82 79 14 44 67 98 91 38 90 
48 16 61 46 62 35 37 35 47 50 29 43 95 98 47 13 75 37 6 70 9 93 92 16 13 63 56 6 71 89 
34 88 82 59 70 53 76 75 90 35 99 8 40 57 26 42 6 8 23 54 69 3 99 92 61 57 95 51 31 76 
9 57 29 50 69 10 74 93 65 40 68 66 47 83 60 97 18 79 73 50 93 51 61 31 4 19 50 39 56 42 
82 71 86 15 56 65 71 58 49 32 80 48 65 10 70 29 20 40 82 57 87 48 72 82 51 80 86 92 33 40 
77 29 7 3 99 92 11 12 50 71 10 5 41 70 82 88 98 28 34 82 51 29 49 3 43 81 47 44 78 85 
92 78 85 34 89 99 67 16 48 65 63 99 4 14 42 32 36 66 8 93 5 35 82 55 20 11 90 60 90 81 
84 26 24 13 57 9 99 6 33 25 85 90 68 69 18 28 52 14 51 51 27 65 20 28 55 97 21 57 96 14 
58 21 87 98 35 50 18 37 92 87 66 57 99 43 22 90 72 82 13 51 64 91 27 17 54 8 73 22 35 20 
39 16 65 57 38 38 40 32 41 29 9 22 56 59 28 74 78 50 23 81 39 33 22 78 32 49 66 39 65 3 
7 70 99 17 61 51 64 39 68 48 49 26 79 9 15 79 72 24 88 16 64 94 19 5 83 45 13 94 1 1 
80 18 40 70 52 50 32 33 67 47 58 27 11 99 15 62 82 73 90 29 6 35 24 59 15 66 18 69 89 11 
91 93 92 46 1 76 73 27 0 98 18 65 60 41 46 48 17 13 18 99 4 13 79 34 67 81 63 70 5 67 
29 91 53 30 99 76 17 34 38 40 22 11 66 48 34 4 22 4 69 10 5 21 96 96 55 19 94 32 70 25 
36 0 48 54 91 45 23 97 74 84 17 60 92 1 31 7 51 72 54 28 44 21 53 7 9 86 83 77 42 51 
19 96 13 69 12 51 95 88 6 7 22 57 82 38 39 66 7 9 94 43 6 8 98 28 92 30 47 89 5 73 
84 45 66 99 49 19 33 60 39 25 17 4 69 78 1 4 29 72 61 72 57 59 91 64 75 31 77 68 75 97 
66 54 27 87 40 8 68 36 74 91 84 40 48 95 87 62 42 70 64 51 34 74 44 1 69 45 5 50 85 4 
18 99 8 43 16 18 44 50 5 51 45 83 79 35 12 88 7 16 72 25 81 1 40 42 71 96 50 30 1 17 
18 25 65 73 70 46 32 45 53 6 5 32 4 4 56 29 48 99 20 43 54 38 53 90 67 62 62 9 92 28 
65 87 0 22 62 90 91 49 91 45 17 15 26 95 58 53 33 57 17 47 81 34 52 61 90 52 76 73 57 50 
0 75 85 27 80 92 18 16 9 14 45 58 58 67 35 94 63 57 17 72 5 56 3 73 27 20 36 86 2 68 
2 71 31 41 33 24 30 37 2 4 58 86 82 96 73 8 10 26 23 74 97 43 19 54 61 38 38 26 74 61 
53 97 58 66 86 23 68 83 45 62 46 4 74 89 26 34 32 40 41 32 89 93 51 59 92 74 92 98 44 67 
19 13 9 61 93 70 17 47 35 23 43 77 41 55 88 25 38 16 78 17 29 94 63 28 41 24 78 54 91 14 
1 11 24 44 26 19 89 61 25 72 65 83 66 99 39 90 31 79 13 54 27 50 85 35 94 28 17 59 57 37 
19 40 65 6 80 24 33 84 38 60 57 82 73 18 79 46 53 33 32 13 84 26 70 4 31 23 80 69 13 2 
30 71 92 21 89 80 11 89 31 22 43 29 11 95 64 0 72 44 58 2 19 69 18 76 69 98 0 65 66 57 
49 11 24 6 91 94 25 39 77 44 94 56 17 72 31 57 25 19 57 22 89 4 19 69 19 19 62 7 38 12 
48 27 32 58 87 1 56 91 23 71 76 60 73 63 85 37 12 43 31 83 69 14 42 41 56 15 26 32 60 59 
98 58 67 45 54 34 91 16 90 33 32 43 39 74 88 72 82 12 96 58 43 13 68 59 75 7 52 89 16 65 
45 39 48 36 16 7 95 46 33 17 54 35 99 0 36 94 36 72 56 30 74 37 6 53 36 0 5 87 30 51 
0 30 75 84 64 26 35 36 17 19 32 75 73 2 71 69 72 91 84 1 64 62 83 46 54 60 79 85 12 58 
10 44 26 10 81 87 34 45 11 88 72 95 30 66 30 35 91 55 86 6 77 56 74 24 13 78 3 10 27 67 
35 91 9 86 76 52 67 97 56 56 81 47 96 32 94 69 72 24 1 44 56 45 29 87 65 76 98 58 60 95 
33 3 75 47 44 79 71 73 11 15 42 63 31 27 10 8 14 70 4 51 44 1 93 84 30 97 29 15 24 39 
13 26 72 56 94 80 31 2 66 55 62 99 12 11 94 71 24 16 2 57 94 94 57 71 46 63 42 48 65 85 
23 5 38 29 46 92 15 38 84 15 52 49 47 60 96 90 52 52 30 66 95 26 70 17 79 77 0 92 1 52 
87 70 75 69 99 48 77 84 21 59 13 57 56 72 62 65 39 28 35 74 10 86 53 74 21 83 47 25 74 45 
17 79 18 95 12 73 42 46 11 6 57 73 31 47 42 8 79 35 94 99 23 70 28 22 59 6 97 42 95 98 

4546 4131 5875 3684 3565 5266 2758 1210 5064 4739 6183 3097 3579 2624 1964 4706 5603 4766 5979 1725 2356 2846 5265 1407 5384 4366 2360 1681 5851 3748 

17060 23824 9612 8793 12220 4428 26833 22103 23918 18701 13140 11901 20608 23072 11974 16471 14465 4699 10652 26019 3447 19181 15127 26158 8842 24711 2273 10614 9804 26456 