90
30

43 85 28 7 47 72 86 27 92 73 72 20 5 41 47 80 92 6 67 25 67 24 22 34 60 10 67 93 15 28 
0 43 87 49 26 10 12 11 24 42 92 22 86 73 15 99 9 26 31 39 63 89 22 60 47 39 47 56 27 4 
68 56 5 81 57 84 68 49 64 58 17 43 90 70 68 98 82 40 78 48 67 39 54 57 77 23 19 21 25 9 
58 57 60 8 82 73 83 78 55 80 13 67 91 3 49 71 12 91 42 2 16 26 84 63 15 1 85 74 23 6 
89 72 4 37 48 9 30 23 55 11 87 40 5 59 45 49 46 22 62 77 22 42 8 43 28 64 22 73 35 44 
22 72 43 86 59 59 75 98 71 44 26 56 64 47 24 23 49 60 65 61 11 12 31 35 64 88 7 84 46 3 
55 31 47 54 4 38 65 68 68 34 52 52 7 76 82 95 88 13 51 74 2 71 99 80 65 72 16 54 88 59 
60 5 5 97 7 39 98 53 11 39 42 89 42 68 73 28 38 62 52 54 68 81 66 75 15 96 7 60 20 40 
0 17 34 67 83 74 82 70 64 2 35 78 98 58 34 16 58 62 25 3 5 34 93 26 75 38 96 5 26 26 
56 49 34 77 35 61 22 62 27 45 51 96 24 17 21 48 43 27 57 17 35 54 75 11 92 10 58 67 30 81 
74 13 26 87 40 51 32 38 92 26 68 17 18 89 13 21 83 86 9 36 27 27 61 29 25 10 4 87 56 14 
49 27 94 79 58 67 31 44 88 26 98 98 7 92 37 77 85 83 44 16 96 82 84 18 92 23 51 21 42 67 
19 69 36 77 10 3 0 6 78 52 67 36 81 79 19 32 88 99 74 27 46 98 90 10 8 7 14 12 89 4 
92 13 10 68 24 94 34 78 26 25 16 64 32 56 20 36 50 55 66 34 59 6 20 10 1 68 36 3 15 48 
9 85 13 45 2 86 91 71 65 16 33 51 38 61 43 57 26 4 23 30 72 6 69 2 82 47 62 9 70 9 
79 65 16 56 39 35 79 43 66 30 86 46 41 14 2 15 60 86 49 84 32 83 22 79 81 28 33 21 30 93 
70 18 90 78 54 79 76 13 37 99 26 24 67 13 93 50 23 92 39 71 74 46 45 96 41 60 22 25 62 63 
86 82 59 17 29 80 0 79 4 60 80 58 94 34 65 81 56 0 78 49 36 22 21 25 4 3 66 98 65 66 
42 17 33 44 19 85 77 42 67 53 75 15 27 64 46 72 20 29 21 7 6 35 6 26 49 24 23 95 44 85 
33 52 32 49 97 50 93 91 11 19 7 62 18 70 4 5 1 79 60 55 2 23 7 93 2 49 50 15 92 15 
34 53 97 14 78 39 31 79 88 99 9 42 4 34 31 71 51 11 32 26 99 74 35 0 40 56 74 40 52 34 
72 64 4 80 77 12 13 86 8 11 68 64 45 22 80 67 90 21 17 53 56 14 36 18 82 99 26 50 72 24 
20 87 98 94 34 82 41 38 52 4 24 33 60 33 95 53 94 23 40 75 63 46 41 73 57 35 27 83 49 95 
44 9 56 45 80 15 17 21 4 10 1 27 2 36 52 46 30 5 38 34 2 44 60 46 3 63 33 91 77 20 
50 99 37 81 95 48 99 90 53 97 33 80 47 4 86 16 92 33 20 28 43 97 70 95 92 51 5 73 22 71 
64 83 34 66 96 5 10 3 11 37 56 56 39 27 67 1 42 73 89 19 36 55 74 76 12 47 50 1 59 24 
66 73 41 51 66 91 63 27 9 81 46 28 50 84 85 60 21 4 63 12 15 20 44 94 31 5 68 76 41 80 
28 64 95 17 87 5 72 60 81 72 38 26 5 92 69 11 82 17 57 13 63 44 0 44 10 37 54 82 53 10 
79 12 20 72 24 37 4 33 38 54 91 46 76 43 65 10 60 6 86 68 7 48 80 82 37 91 0 53 15 75 
54 36 90 65 92 56 54 85 15 26 12 43 29 32 40 9 76 18 78 84 7 11 92 42 76 46 79 53 75 91 
23 16 32 91 11 47 52 54 72 31 70 82 3 91 35 95 81 66 59 9 93 99 98 73 15 51 36 59 40 16 
98 81 23 6 22 70 91 11 54 35 51 60 39 1 81 53 42 80 89 23 11 29 82 50 65 12 68 42 67 51 
95 56 27 32 97 15 32 21 89 50 1 96 50 77 19 90 76 79 86 9 87 58 3 77 34 76 58 17 27 5 
2 54 81 43 21 31 62 77 44 46 75 99 45 64 14 2 26 58 79 7 98 86 35 13 76 11 52 60 80 2 
56 43 96 7 93 37 38 47 71 94 12 5 30 38 85 95 73 73 5 21 43 71 10 94 29 0 48 39 45 24 
79 17 2 77 28 51 91 92 31 29 12 36 64 10 45 85 70 77 44 46 19 99 82 95 51 96 2 98 9 27 
36 36 52 36 2 48 0 35 92 54 54 3 11 41 2 27 23 5 97 25 30 93 58 17 69 95 48 34 20 51 
22 95 58 4 47 66 74 9 37 10 77 61 59 76 28 11 2 79 79 0 11 86 19 4 34 4 40 81 27 31 
89 72 24 16 56 79 57 42 27 36 89 33 86 42 97 37 60 19 12 42 36 19 6 35 86 85 83 94 91 54 
14 88 46 42 26 19 85 54 26 31 51 18 28 65 21 20 17 51 41 3 55 48 31 49 24 78 91 60 64 26 
79 6 31 87 69 7 11 89 11 64 44 27 27 62 49 73 45 9 65 65 37 68 24 83 10 23 56 49 81 71 
59 43 23 24 0 88 69 81 36 64 11 86 52 55 17 94 73 27 81 16 87 5 55 87 91 86 31 13 40 13 
87 75 75 93 0 85 40 33 93 46 32 36 72 39 38 70 73 56 42 2 14 39 28 76 35 1 96 54 62 36 
65 65 29 49 41 29 52 59 71 42 25 50 4 53 95 86 39 55 30 6 21 79 88 70 30 64 52 15 56 37 
82 48 66 29 10 85 10 9 79 8 8 16 85 9 28 18 88 30 39 26 11 21 2 43 11 92 35 34 20 6 
60 39 81 51 27 57 21 93 58 94 43 87 67 34 27 7 56 88 73 17 73 24 23 94 96 82 50 79 80 31 
87 13 71 20 62 85 82 35 37 99 85 52 66 41 62 56 42 92 12 74 81 35 22 25 62 36 41 92 32 0 
5 79 37 46 25 94 36 36 11 75 21 49 15 53 33 9 4 21 59 83 93 43 55 15 17 30 6 75 95 70 
47 14 46 82 90 82 31 29 26 29 45 19 20 4 94 75 87 22 5 49 41 64 72 16 48 30 36 72 22 56 
44 21 45 73 37 24 2 62 72 49 67 34 60 40 69 42 92 98 35 4 73 38 85 87 93 69 25 93 8 14 
61 41 93 53 37 21 12 69 66 97 5 33 3 61 85 41 86 60 3 7 43 68 16 65 28 70 74 32 62 63 
7 47 62 9 73 78 95 95 2 60 9 66 60 12 90 64 94 53 79 69 43 94 38 24 39 90 41 0 7 91 
45 38 59 94 47 58 37 15 52 22 37 19 96 11 39 76 96 38 9 38 38 1 53 52 8 69 47 51 30 30 
56 85 71 60 35 6 28 1 62 85 2 24 47 50 26 46 21 65 97 19 4 88 42 3 98 82 4 96 42 63 
38 80 60 9 48 12 57 63 98 69 50 16 0 13 57 34 35 49 54 77 84 88 99 22 53 40 63 88 35 89 
26 25 45 38 31 12 96 20 94 77 41 10 24 40 60 95 93 34 96 66 63 63 54 67 61 91 21 93 61 78 
72 24 99 14 64 59 55 99 45 51 65 89 22 90 32 92 60 66 79 91 14 12 44 30 20 20 9 77 83 61 
24 68 48 70 57 86 46 64 90 27 37 17 35 67 97 91 44 13 38 16 37 27 35 66 69 39 3 52 8 89 
58 60 11 74 56 86 99 76 79 44 68 11 22 69 19 13 3 12 55 50 92 27 89 42 38 76 80 5 35 12 
72 66 55 24 4 20 49 25 18 1 84 54 95 17 64 1 82 55 66 72 82 53 81 72 52 17 38 57 96 98 
59 91 64 78 66 3 5 34 43 33 8 57 20 18 50 70 37 50 33 53 98 3 68 77 26 17 45 13 87 92 
7 45 30 22 94 25 71 65 43 49 13 45 61 19 82 27 86 46 26 96 35 95 96 58 75 82 9 20 84 70 
73 30 77 23 14 79 22 34 35 95 70 0 96 93 67 41 99 38 29 76 27 59 94 1 43 4 93 32 70 33 
82 6 17 87 45 69 87 79 55 65 9 95 61 32 90 96 14 58 39 78 77 49 46 2 69 19 7 28 34 97 
15 96 54 23 81 47 20 70 35 82 50 4 31 84 13 88 54 69 91 85 3 37 4 6 1 32 64 26 44 32 
31 49 6 46 10 99 58 61 89 71 57 90 12 72 22 98 48 22 7 17 82 15 30 76 57 42 21 94 34 30 
95 36 43 69 69 8 60 93 81 48 8 71 62 46 94 13 92 92 11 89 29 39 71 22 93 21 54 8 44 80 
80 69 86 78 53 39 90 2 12 43 16 91 9 21 70 35 96 7 35 36 71 49 63 24 41 60 4 67 89 11 
23 21 54 10 30 12 65 47 16 39 72 67 66 45 98 31 12 86 70 59 33 19 20 69 11 55 72 62 6 74 
29 9 17 91 55 49 27 10 8 85 54 23 47 64 70 28 52 63 30 70 13 7 53 44 74 16 36 7 44 39 
84 70 13 19 0 7 31 13 60 59 34 52 74 50 39 11 3 27 23 33 76 98 73 16 46 36 70 68 62 45 
35 85 54 52 55 9 54 27 77 57 0 68 20 48 6 6 51 66 76 97 36 15 15 26 45 83 51 32 72 1 
75 30 20 73 70 81 42 4 74 52 38 68 4 58 63 81 40 72 82 64 36 58 91 33 21 50 72 32 93 91 
65 2 20 12 75 52 22 87 35 82 65 24 8 61 15 70 86 62 27 21 32 23 65 0 58 71 80 8 47 21 
82 86 58 58 6 34 72 56 36 68 67 79 44 30 26 81 60 61 36 7 81 17 97 40 82 77 84 63 88 83 
10 32 14 9 85 63 99 33 83 95 73 88 45 80 36 96 84 3 54 7 81 37 74 15 74 90 42 12 87 1 
52 98 50 82 73 66 0 14 30 35 78 60 31 77 49 31 81 91 20 32 97 99 14 77 42 66 57 29 35 96 
60 29 93 18 6 14 26 85 83 16 87 60 25 22 44 36 35 28 27 28 19 2 76 46 52 57 80 10 38 92 
87 86 69 49 37 51 62 3 27 8 38 74 22 21 90 31 80 28 30 24 34 60 18 76 62 75 33 12 43 80 
8 94 62 5 53 13 27 47 53 52 16 95 91 2 46 22 40 16 45 88 34 25 72 84 0 49 15 29 22 82 
50 2 56 30 56 46 24 33 13 97 62 95 20 22 91 16 33 60 38 88 80 16 22 94 24 36 97 43 77 69 
5 11 78 92 71 75 5 68 68 71 57 38 20 94 51 84 12 38 16 22 45 35 64 78 41 48 82 99 90 12 
78 72 91 48 68 62 39 83 79 95 46 48 33 44 7 43 6 93 50 93 89 89 23 28 8 9 14 56 50 94 
7 38 36 34 15 45 17 11 45 88 84 22 90 35 24 34 51 65 69 77 26 13 9 35 30 13 62 12 34 46 
42 86 25 33 51 67 32 62 89 36 71 2 61 8 7 62 26 70 29 10 11 82 83 34 91 25 23 20 11 54 
70 97 83 82 71 40 11 1 23 62 4 21 99 20 90 81 77 12 45 55 65 62 86 72 87 95 14 17 60 57 
75 73 64 44 11 31 18 31 90 81 92 12 46 46 10 14 83 36 52 21 97 33 32 32 37 25 31 41 14 58 
93 12 13 70 31 78 72 26 90 6 48 73 66 83 59 81 82 36 92 34 59 82 10 92 54 61 91 40 26 23 
93 93 76 51 17 17 58 44 26 98 57 96 30 56 96 54 46 89 92 20 1 5 0 42 23 62 0 19 62 32 
11 95 9 53 60 23 15 51 8 40 40 25 39 63 68 29 55 6 75 25 15 76 32 45 47 3 86 15 88 8 

28 13 34 83 8 75 69 38 51 7 22 93 82 47 9 69 30 96 1 46 69 75 88 69 49 81 53 79 58 30 
19 79 5 91 16 99 91 49 55 99 26 29 25 24 18 97 50 15 18 97 49 32 6 0 20 37 67 82 15 46 
76 38 88 60 84 17 32 20 99 20 30 45 85 8 3 59 23 13 10 11 22 29 41 44 52 54 15 57 58 87 
65 89 66 19 75 95 86 56 0 7 85 70 85 0 82 76 67 97 76 62 18 90 19 30 68 55 3 28 25 8 
7 78 62 96 26 24 44 42 91 67 37 98 36 49 86 45 83 10 77 68 41 30 24 87 45 29 21 22 88 81 
78 22 8 74 14 86 38 21 84 67 41 0 56 14 76 72 68 14 64 25 40 30 71 19 4 47 99 47 88 79 
75 37 71 84 69 38 80 7 72 97 6 38 41 97 71 55 63 25 44 96 13 81 12 70 1 47 55 14 39 98 
57 39 65 90 78 37 7 77 63 37 83 53 45 30 54 94 93 99 94 58 97 34 26 79 99 8 55 53 0 40 
84 88 12 98 97 97 46 76 51 37 19 84 11 11 60 20 5 16 31 6 98 88 87 28 14 64 53 89 42 88 
83 81 16 14 39 28 44 87 94 53 41 9 50 85 84 7 32 92 81 84 95 14 43 2 44 30 97 21 75 92 
57 24 73 98 75 67 19 83 16 53 15 73 27 24 5 7 14 96 67 35 28 9 89 40 33 51 73 48 4 79 
17 23 80 49 62 55 65 29 33 96 60 56 75 96 70 57 85 47 99 49 92 40 54 93 21 84 5 55 53 45 
79 7 76 19 78 68 66 23 48 75 61 80 58 25 15 37 43 24 38 32 26 55 62 6 28 33 92 22 36 2 
35 38 74 18 99 47 3 4 23 77 48 72 80 27 27 54 49 65 29 83 58 16 63 21 50 33 80 16 6 12 
35 45 45 99 53 66 81 1 95 96 95 95 52 77 66 10 22 6 62 6 23 35 91 87 68 69 56 29 0 23 
61 91 50 5 81 55 91 49 67 7 77 0 69 62 5 44 94 80 31 12 16 37 29 24 30 59 84 39 3 5 
40 25 58 75 63 71 14 86 72 5 47 22 61 92 53 67 14 13 37 68 81 68 44 93 63 33 16 78 38 91 
36 77 13 87 94 61 94 98 92 29 94 15 64 30 42 62 80 2 48 23 67 86 33 38 54 61 53 91 39 19 
44 97 24 66 93 66 63 25 95 10 32 74 65 4 6 45 3 18 7 66 35 99 53 25 85 54 26 85 36 68 
37 86 4 50 62 97 13 10 61 22 59 96 27 67 2 36 10 12 11 86 12 62 65 62 64 55 70 15 14 63 
62 73 97 13 4 59 63 0 69 60 80 87 11 14 43 8 35 20 63 6 22 8 98 97 89 24 66 26 57 86 
45 47 91 62 55 64 15 50 69 11 18 50 10 37 13 87 19 51 4 4 98 29 76 45 93 84 20 89 25 69 
53 0 22 43 92 31 92 33 95 68 42 68 76 5 42 66 65 7 67 7 61 82 99 15 98 74 45 39 29 53 
5 92 98 57 17 14 49 17 43 43 89 72 70 16 22 42 63 47 1 33 74 38 68 88 97 28 0 89 27 83 
50 5 67 86 70 24 79 76 52 2 86 47 27 40 60 4 96 71 59 36 90 92 0 64 98 97 72 60 81 0 
38 43 79 27 72 19 81 37 30 0 7 7 51 28 25 68 48 85 96 94 16 66 39 75 77 59 35 30 50 34 
24 38 96 50 70 90 79 40 81 97 63 13 28 98 16 98 84 68 91 17 85 4 16 51 89 43 12 50 74 46 
11 1 99 48 45 39 40 61 45 77 55 72 47 94 40 81 6 99 92 69 67 64 84 89 41 83 20 25 84 20 
20 49 77 45 61 92 52 51 66 95 27 38 24 99 24 78 79 5 95 3 23 18 81 93 76 27 71 36 44 14 
48 7 92 84 23 75 53 52 8 31 87 44 78 12 44 81 9 57 93 63 6 11 36 78 60 76 5 88 85 62 
12 72 29 4 16 38 70 34 3 24 27 27 3 49 52 64 9 88 90 73 41 87 10 55 78 31 55 90 75 35 
59 94 10 28 28 56 32 42 89 93 23 23 45 96 73 43 99 44 48 58 29 27 90 54 27 94 79 75 40 18 
53 24 69 43 59 79 19 66 89 66 98 51 13 81 24 94 18 53 69 76 25 96 61 72 23 80 24 20 58 24 
12 45 64 0 89 1 17 88 48 89 48 25 65 41 59 46 47 88 21 97 10 69 40 74 96 18 29 27 18 53 
17 13 92 62 98 5 91 40 78 86 36 38 80 76 5 20 31 86 22 44 25 85 68 7 32 32 14 26 10 96 
73 42 46 90 24 65 1 69 46 10 70 70 78 77 67 15 83 80 88 83 81 35 34 21 89 58 71 74 73 16 
81 32 4 68 20 22 76 55 84 16 22 43 61 5 39 26 5 85 10 39 73 37 78 40 12 99 16 65 66 76 
1 60 64 22 71 38 0 94 40 37 17 62 88 48 51 24 62 62 95 68 48 46 14 67 90 41 86 6 91 56 
62 78 1 86 94 94 86 93 34 7 29 20 32 15 9 15 77 26 61 13 55 88 6 81 28 8 19 26 42 21 
53 33 40 87 48 75 18 20 5 1 55 79 82 19 20 76 50 15 13 77 22 65 10 13 42 51 14 11 91 85 
28 16 41 83 15 79 92 64 91 13 37 59 81 46 61 53 34 37 74 97 69 11 8 55 97 53 63 96 60 46 
52 16 53 55 94 70 40 96 56 45 83 27 37 97 18 61 51 47 90 82 42 90 88 30 52 78 65 58 22 82 
39 99 75 19 86 92 45 37 3 48 36 63 70 62 9 71 57 93 59 27 62 89 13 2 54 0 64 83 73 22 
22 7 9 73 54 2 59 77 29 8 28 12 2 20 43 56 5 70 74 31 18 29 85 27 47 23 81 58 23 72 
90 82 17 98 16 91 9 73 61 49 79 86 75 31 97 72 3 91 26 9 32 79 83 90 58 57 99 20 25 6 
86 4 98 15 4 13 91 89 82 49 47 41 25 55 41 16 37 27 60 92 21 36 80 57 33 51 38 33 24 42 
73 14 80 91 88 41 34 38 49 24 37 49 28 77 97 77 56 45 14 52 37 25 87 28 53 6 69 62 43 99 
77 16 50 18 7 99 63 23 2 88 94 66 64 98 80 74 22 95 89 65 89 66 67 99 72 89 70 80 17 73 
54 95 9 49 18 22 42 52 38 66 55 10 14 7 75 26 38 41 27 30 44 88 0 43 95 63 69 57 40 54 
27 41 11 49 71 28 73 98 35 26 36 17 85 80 84 52 5 66 98 79 36 85 60 93 57 11 76 12 21 96 
53 18 71 28 16 85 10 20 48 85 6 51 94 64 35 3 64 26 15 57 17 82 71 41 13 27 45 56 76 80 
20 2 89 78 45 0 32 16 76 71 11 87 52 15 58 38 96 14 1 70 85 43 13 34 56 59 15 6 20 14 
71 45 5 99 12 60 67 27 81 49 12 7 66 77 42 56 85 13 6 77 26 42 23 71 65 14 9 81 13 9 
12 79 50 26 65 42 72 6 81 86 49 84 64 34 56 96 17 72 44 5 53 87 58 17 58 95 13 91 48 26 
91 86 27 99 12 84 37 16 6 75 54 55 81 10 74 37 55 51 94 12 14 72 74 68 1 89 43 71 58 27 
92 94 68 53 42 76 66 24 5 34 35 43 74 20 83 11 83 82 77 16 62 81 86 12 51 74 46 67 54 63 
62 77 54 67 0 92 7 66 34 91 4 39 68 4 54 70 22 62 30 13 69 32 83 37 60 69 19 88 68 79 
92 36 47 87 49 2 77 54 46 83 47 74 14 6 98 68 32 0 27 31 53 54 16 9 94 96 50 27 59 23 
30 69 78 63 98 96 88 41 27 55 59 92 47 4 68 36 6 64 67 8 87 78 89 10 39 22 4 26 78 11 
99 23 79 97 60 19 58 34 82 1 14 81 16 14 89 52 43 63 58 36 42 99 52 54 73 65 92 14 97 50 
78 92 19 59 49 43 9 86 33 25 41 81 36 83 61 26 37 33 67 49 5 46 65 79 32 3 37 81 69 96 
28 47 95 79 44 34 60 3 17 49 90 83 71 60 28 79 13 57 66 5 16 87 85 74 65 62 1 63 13 3 
98 45 27 50 86 26 50 79 19 90 1 98 56 16 79 96 61 57 64 93 63 67 13 96 22 17 97 66 90 60 
31 53 41 5 99 45 17 29 60 57 15 33 2 28 20 24 68 26 43 69 79 74 25 60 32 30 25 89 37 13 
94 17 20 33 0 89 19 76 65 23 47 58 28 81 84 39 31 98 41 68 16 36 95 94 60 67 94 69 91 19 
86 30 67 45 6 27 10 76 38 39 20 90 29 3 20 97 35 36 99 22 0 19 59 45 25 3 88 15 68 25 
0 57 68 49 25 50 16 95 42 12 79 85 82 51 77 44 41 64 64 26 95 73 45 56 86 51 55 5 39 70 
72 36 21 69 31 6 46 29 72 80 5 10 39 22 61 70 7 60 27 81 6 25 51 18 72 35 49 77 42 57 
54 44 72 75 6 35 45 42 65 71 98 2 43 51 90 10 78 53 85 61 99 63 19 50 61 18 79 92 34 11 
20 74 85 89 84 39 94 57 5 2 82 58 13 64 34 83 74 64 66 48 25 87 64 44 83 24 79 26 61 44 
63 9 93 24 94 98 71 60 12 51 28 38 57 64 37 45 94 20 10 55 69 47 89 8 16 75 3 76 19 87 
10 85 95 96 42 29 57 9 44 96 71 52 56 4 9 54 88 6 74 45 88 9 40 81 89 22 34 24 8 37 
57 37 19 92 24 62 18 66 57 1 63 36 67 10 53 61 21 87 81 88 63 7 72 4 46 26 83 58 82 74 
48 46 30 6 78 18 82 66 48 69 91 94 37 99 83 94 7 72 33 14 32 8 84 23 0 75 62 99 79 75 
12 29 98 42 36 16 76 99 33 31 30 22 65 52 23 32 90 90 31 6 50 75 52 69 95 76 83 12 76 59 
35 61 61 7 56 74 34 79 99 49 80 51 38 68 96 81 27 15 40 0 58 39 36 8 53 47 91 18 6 57 
86 8 54 33 52 46 45 93 42 2 34 62 62 85 18 4 14 27 2 54 77 46 47 48 16 37 45 3 5 66 
26 11 1 89 89 39 94 98 9 53 43 83 63 11 53 59 90 79 59 80 51 87 26 63 81 16 75 83 36 75 
3 6 76 25 40 88 42 57 81 34 16 17 76 12 71 50 62 68 47 99 79 73 25 82 99 6 63 32 61 56 
33 80 88 91 59 7 35 34 64 92 94 43 59 49 45 71 36 12 36 73 55 25 38 80 22 33 97 48 24 87 
82 60 40 17 99 39 55 21 28 97 52 83 1 30 54 18 13 35 40 10 56 2 54 72 6 17 90 69 4 76 
15 81 6 91 62 64 11 37 14 83 72 88 53 94 53 17 38 1 4 70 59 36 40 50 58 8 69 42 26 45 
89 97 11 13 64 36 0 78 35 41 63 65 30 63 63 22 89 44 75 75 4 36 69 61 43 80 55 58 19 57 
74 48 10 34 13 91 45 76 55 94 17 71 0 94 76 19 25 92 34 67 49 26 58 84 46 39 54 22 3 2 
62 4 27 91 9 28 41 27 2 82 25 32 40 15 97 51 98 94 32 61 98 61 71 41 74 56 62 0 98 73 
37 72 14 68 26 21 15 35 42 36 48 20 7 85 24 29 99 73 90 70 24 12 77 16 73 15 20 89 88 56 
37 96 65 58 2 77 61 13 42 31 86 39 55 45 98 32 21 36 25 49 62 69 90 61 54 41 10 45 25 9 
95 98 69 25 66 1 64 99 71 70 90 8 65 62 58 7 92 26 24 26 68 25 30 59 68 51 97 62 63 34 
78 38 51 95 27 56 96 1 49 48 42 28 45 74 96 35 53 46 81 5 58 55 93 1 25 45 43 57 61 21 
34 90 32 86 23 99 81 56 80 8 17 76 9 49 80 56 17 92 95 95 55 82 86 49 41 32 86 79 51 83 

4546 4131 5875 3684 3565 5266 2758 1210 5064 4739 6183 3097 3579 2624 1964 4706 5603 4766 5979 1725 2356 2846 5265 1407 5384 4366 2360 1681 5851 3748 

3815 4854 2353 4496 3207 4876 1405 3058 2121 5204 1585 1236 4512 2693 2734 4429 794 4771 4559 3309 2544 2085 1967 2946 3700 1897 716 3449 1897 5064 