90
30

43 85 28 7 47 72 86 27 92 73 72 20 5 41 47 80 92 6 67 25 67 24 22 34 60 10 67 93 15 28 
0 43 87 49 26 10 12 11 24 42 92 22 86 73 15 99 9 26 31 39 63 89 22 60 47 39 47 56 27 4 
68 56 5 81 57 84 68 49 64 58 17 43 90 70 68 98 82 40 78 48 67 39 54 57 77 23 19 21 25 9 
58 57 60 8 82 73 83 78 55 80 13 67 91 3 49 71 12 91 42 2 16 26 84 63 15 1 85 74 23 6 
89 72 4 37 48 9 30 23 55 11 87 40 5 59 45 49 46 22 62 77 22 42 8 43 28 64 22 73 35 44 
22 72 43 86 59 59 75 98 71 44 26 56 64 47 24 23 49 60 65 61 11 12 31 35 64 88 7 84 46 3 
55 31 47 54 4 38 65 68 68 34 52 52 7 76 82 95 88 13 51 74 2 71 99 80 65 72 16 54 88 59 
60 5 5 97 7 39 98 53 11 39 42 89 42 68 73 28 38 62 52 54 68 81 66 75 15 96 7 60 20 40 
0 17 34 67 83 74 82 70 64 2 35 78 98 58 34 16 58 62 25 3 5 34 93 26 75 38 96 5 26 26 
56 49 34 77 35 61 22 62 27 45 51 96 24 17 21 48 43 27 57 17 35 54 75 11 92 10 58 67 30 81 
74 13 26 87 40 51 32 38 92 26 68 17 18 89 13 21 83 86 9 36 27 27 61 29 25 10 4 87 56 14 
49 27 94 79 58 67 31 44 88 26 98 98 7 92 37 77 85 83 44 16 96 82 84 18 92 23 51 21 42 67 
19 69 36 77 10 3 0 6 78 52 67 36 81 79 19 32 88 99 74 27 46 98 90 10 8 7 14 12 89 4 
92 13 10 68 24 94 34 78 26 25 16 64 32 56 20 36 50 55 66 34 59 6 20 10 1 68 36 3 15 48 
9 85 13 45 2 86 91 71 65 16 33 51 38 61 43 57 26 4 23 30 72 6 69 2 82 47 62 9 70 9 
79 65 16 56 39 35 79 43 66 30 86 46 41 14 2 15 60 86 49 84 32 83 22 79 81 28 33 21 30 93 
70 18 90 78 54 79 76 13 37 99 26 24 67 13 93 50 23 92 39 71 74 46 45 96 41 60 22 25 62 63 
86 82 59 17 29 80 0 79 4 60 80 58 94 34 65 81 56 0 78 49 36 22 21 25 4 3 66 98 65 66 
42 17 33 44 19 85 77 42 67 53 75 15 27 64 46 72 20 29 21 7 6 35 6 26 49 24 23 95 44 85 
33 52 32 49 97 50 93 91 11 19 7 62 18 70 4 5 1 79 60 55 2 23 7 93 2 49 50 15 92 15 
34 53 97 14 78 39 31 79 88 99 9 42 4 34 31 71 51 11 32 26 99 74 35 0 40 56 74 40 52 34 
72 64 4 80 77 12 13 86 8 11 68 64 45 22 80 67 90 21 17 53 56 14 36 18 82 99 26 50 72 24 
20 87 98 94 34 82 41 38 52 4 24 33 60 33 95 53 94 23 40 75 63 46 41 73 57 35 27 83 49 95 
44 9 56 45 80 15 17 21 4 10 1 27 2 36 52 46 30 5 38 34 2 44 60 46 3 63 33 91 77 20 
50 99 37 81 95 48 99 90 53 97 33 80 47 4 86 16 92 33 20 28 43 97 70 95 92 51 5 73 22 71 
64 83 34 66 96 5 10 3 11 37 56 56 39 27 67 1 42 73 89 19 36 55 74 76 12 47 50 1 59 24 
66 73 41 51 66 91 63 27 9 81 46 28 50 84 85 60 21 4 63 12 15 20 44 94 31 5 68 76 41 80 
28 64 95 17 87 5 72 60 81 72 38 26 5 92 69 11 82 17 57 13 63 44 0 44 10 37 54 82 53 10 
79 12 20 72 24 37 4 33 38 54 91 46 76 43 65 10 60 6 86 68 7 48 80 82 37 91 0 53 15 75 
54 36 90 65 92 56 54 85 15 26 12 43 29 32 40 9 76 18 78 84 7 11 92 42 76 46 79 53 75 91 
23 16 32 91 11 47 52 54 72 31 70 82 3 91 35 95 81 66 59 9 93 99 98 73 15 51 36 59 40 16 
98 81 23 6 22 70 91 11 54 35 51 60 39 1 81 53 42 80 89 23 11 29 82 50 65 12 68 42 67 51 
95 56 27 32 97 15 32 21 89 50 1 96 50 77 19 90 76 79 86 9 87 58 3 77 34 76 58 17 27 5 
2 54 81 43 21 31 62 77 44 46 75 99 45 64 14 2 26 58 79 7 98 86 35 13 76 11 52 60 80 2 
56 43 96 7 93 37 38 47 71 94 12 5 30 38 85 95 73 73 5 21 43 71 10 94 29 0 48 39 45 24 
79 17 2 77 28 51 91 92 31 29 12 36 64 10 45 85 70 77 44 46 19 99 82 95 51 96 2 98 9 27 
36 36 52 36 2 48 0 35 92 54 54 3 11 41 2 27 23 5 97 25 30 93 58 17 69 95 48 34 20 51 
22 95 58 4 47 66 74 9 37 10 77 61 59 76 28 11 2 79 79 0 11 86 19 4 34 4 40 81 27 31 
89 72 24 16 56 79 57 42 27 36 89 33 86 42 97 37 60 19 12 42 36 19 6 35 86 85 83 94 91 54 
14 88 46 42 26 19 85 54 26 31 51 18 28 65 21 20 17 51 41 3 55 48 31 49 24 78 91 60 64 26 
79 6 31 87 69 7 11 89 11 64 44 27 27 62 49 73 45 9 65 65 37 68 24 83 10 23 56 49 81 71 
59 43 23 24 0 88 69 81 36 64 11 86 52 55 17 94 73 27 81 16 87 5 55 87 91 86 31 13 40 13 
87 75 75 93 0 85 40 33 93 46 32 36 72 39 38 70 73 56 42 2 14 39 28 76 35 1 96 54 62 36 
65 65 29 49 41 29 52 59 71 42 25 50 4 53 95 86 39 55 30 6 21 79 88 70 30 64 52 15 56 37 
82 48 66 29 10 85 10 9 79 8 8 16 85 9 28 18 88 30 39 26 11 21 2 43 11 92 35 34 20 6 
60 39 81 51 27 57 21 93 58 94 43 87 67 34 27 7 56 88 73 17 73 24 23 94 96 82 50 79 80 31 
87 13 71 20 62 85 82 35 37 99 85 52 66 41 62 56 42 92 12 74 81 35 22 25 62 36 41 92 32 0 
5 79 37 46 25 94 36 36 11 75 21 49 15 53 33 9 4 21 59 83 93 43 55 15 17 30 6 75 95 70 
47 14 46 82 90 82 31 29 26 29 45 19 20 4 94 75 87 22 5 49 41 64 72 16 48 30 36 72 22 56 
44 21 45 73 37 24 2 62 72 49 67 34 60 40 69 42 92 98 35 4 73 38 85 87 93 69 25 93 8 14 
61 41 93 53 37 21 12 69 66 97 5 33 3 61 85 41 86 60 3 7 43 68 16 65 28 70 74 32 62 63 
7 47 62 9 73 78 95 95 2 60 9 66 60 12 90 64 94 53 79 69 43 94 38 24 39 90 41 0 7 91 
45 38 59 94 47 58 37 15 52 22 37 19 96 11 39 76 96 38 9 38 38 1 53 52 8 69 47 51 30 30 
56 85 71 60 35 6 28 1 62 85 2 24 47 50 26 46 21 65 97 19 4 88 42 3 98 82 4 96 42 63 
38 80 60 9 48 12 57 63 98 69 50 16 0 13 57 34 35 49 54 77 84 88 99 22 53 40 63 88 35 89 
26 25 45 38 31 12 96 20 94 77 41 10 24 40 60 95 93 34 96 66 63 63 54 67 61 91 21 93 61 78 
72 24 99 14 64 59 55 99 45 51 65 89 22 90 32 92 60 66 79 91 14 12 44 30 20 20 9 77 83 61 
24 68 48 70 57 86 46 64 90 27 37 17 35 67 97 91 44 13 38 16 37 27 35 66 69 39 3 52 8 89 
58 60 11 74 56 86 99 76 79 44 68 11 22 69 19 13 3 12 55 50 92 27 89 42 38 76 80 5 35 12 
72 66 55 24 4 20 49 25 18 1 84 54 95 17 64 1 82 55 66 72 82 53 81 72 52 17 38 57 96 98 
59 91 64 78 66 3 5 34 43 33 8 57 20 18 50 70 37 50 33 53 98 3 68 77 26 17 45 13 87 92 
7 45 30 22 94 25 71 65 43 49 13 45 61 19 82 27 86 46 26 96 35 95 96 58 75 82 9 20 84 70 
73 30 77 23 14 79 22 34 35 95 70 0 96 93 67 41 99 38 29 76 27 59 94 1 43 4 93 32 70 33 
82 6 17 87 45 69 87 79 55 65 9 95 61 32 90 96 14 58 39 78 77 49 46 2 69 19 7 28 34 97 
15 96 54 23 81 47 20 70 35 82 50 4 31 84 13 88 54 69 91 85 3 37 4 6 1 32 64 26 44 32 
31 49 6 46 10 99 58 61 89 71 57 90 12 72 22 98 48 22 7 17 82 15 30 76 57 42 21 94 34 30 
95 36 43 69 69 8 60 93 81 48 8 71 62 46 94 13 92 92 11 89 29 39 71 22 93 21 54 8 44 80 
80 69 86 78 53 39 90 2 12 43 16 91 9 21 70 35 96 7 35 36 71 49 63 24 41 60 4 67 89 11 
23 21 54 10 30 12 65 47 16 39 72 67 66 45 98 31 12 86 70 59 33 19 20 69 11 55 72 62 6 74 
29 9 17 91 55 49 27 10 8 85 54 23 47 64 70 28 52 63 30 70 13 7 53 44 74 16 36 7 44 39 
84 70 13 19 0 7 31 13 60 59 34 52 74 50 39 11 3 27 23 33 76 98 73 16 46 36 70 68 62 45 
35 85 54 52 55 9 54 27 77 57 0 68 20 48 6 6 51 66 76 97 36 15 15 26 45 83 51 32 72 1 
75 30 20 73 70 81 42 4 74 52 38 68 4 58 63 81 40 72 82 64 36 58 91 33 21 50 72 32 93 91 
65 2 20 12 75 52 22 87 35 82 65 24 8 61 15 70 86 62 27 21 32 23 65 0 58 71 80 8 47 21 
82 86 58 58 6 34 72 56 36 68 67 79 44 30 26 81 60 61 36 7 81 17 97 40 82 77 84 63 88 83 
10 32 14 9 85 63 99 33 83 95 73 88 45 80 36 96 84 3 54 7 81 37 74 15 74 90 42 12 87 1 
52 98 50 82 73 66 0 14 30 35 78 60 31 77 49 31 81 91 20 32 97 99 14 77 42 66 57 29 35 96 
60 29 93 18 6 14 26 85 83 16 87 60 25 22 44 36 35 28 27 28 19 2 76 46 52 57 80 10 38 92 
87 86 69 49 37 51 62 3 27 8 38 74 22 21 90 31 80 28 30 24 34 60 18 76 62 75 33 12 43 80 
8 94 62 5 53 13 27 47 53 52 16 95 91 2 46 22 40 16 45 88 34 25 72 84 0 49 15 29 22 82 
50 2 56 30 56 46 24 33 13 97 62 95 20 22 91 16 33 60 38 88 80 16 22 94 24 36 97 43 77 69 
5 11 78 92 71 75 5 68 68 71 57 38 20 94 51 84 12 38 16 22 45 35 64 78 41 48 82 99 90 12 
78 72 91 48 68 62 39 83 79 95 46 48 33 44 7 43 6 93 50 93 89 89 23 28 8 9 14 56 50 94 
7 38 36 34 15 45 17 11 45 88 84 22 90 35 24 34 51 65 69 77 26 13 9 35 30 13 62 12 34 46 
42 86 25 33 51 67 32 62 89 36 71 2 61 8 7 62 26 70 29 10 11 82 83 34 91 25 23 20 11 54 
70 97 83 82 71 40 11 1 23 62 4 21 99 20 90 81 77 12 45 55 65 62 86 72 87 95 14 17 60 57 
75 73 64 44 11 31 18 31 90 81 92 12 46 46 10 14 83 36 52 21 97 33 32 32 37 25 31 41 14 58 
93 12 13 70 31 78 72 26 90 6 48 73 66 83 59 81 82 36 92 34 59 82 10 92 54 61 91 40 26 23 
93 93 76 51 17 17 58 44 26 98 57 96 30 56 96 54 46 89 92 20 1 5 0 42 23 62 0 19 62 32 
11 95 9 53 60 23 15 51 8 40 40 25 39 63 68 29 55 6 75 25 15 76 32 45 47 3 86 15 88 8 

44 82 90 32 9 57 20 83 35 25 88 96 24 15 2 86 90 10 8 6 54 53 98 72 48 33 92 61 45 48 
52 66 20 29 60 91 8 84 77 0 13 80 65 65 91 79 31 95 99 2 37 4 94 78 81 73 22 0 28 21 
23 12 72 71 54 81 42 80 95 31 79 86 95 52 64 68 80 1 57 35 14 71 84 91 94 74 86 33 32 82 
8 88 27 21 5 91 56 3 72 63 23 42 48 33 49 97 42 31 97 35 67 27 48 0 10 95 0 42 47 45 
27 30 88 29 31 62 22 29 95 49 87 82 81 25 82 87 52 12 2 13 31 49 68 2 78 67 75 27 94 51 
72 58 65 38 69 40 93 38 18 90 2 69 20 63 92 59 48 50 96 38 95 2 60 32 93 92 38 40 37 74 
91 36 44 75 17 42 4 50 58 70 13 84 68 2 4 9 16 86 91 76 79 56 24 13 46 88 96 35 27 81 
53 4 45 99 16 54 63 21 92 15 57 96 48 28 46 80 69 2 50 18 28 77 15 90 37 94 39 39 56 75 
1 43 78 66 45 10 17 7 95 94 82 22 6 71 87 40 49 28 44 5 26 32 47 16 24 7 33 22 73 22 
76 57 80 72 65 87 16 5 49 2 17 23 72 87 8 68 22 46 52 63 59 61 11 75 14 13 40 16 56 1 
68 95 81 35 43 6 66 74 19 89 87 61 42 14 5 56 51 76 63 75 89 94 37 91 8 59 64 43 7 66 
1 69 32 31 20 64 31 75 32 14 50 34 80 59 95 13 77 4 11 2 46 61 57 21 6 99 59 64 8 34 
82 52 12 90 56 19 65 7 47 0 11 74 42 76 49 30 10 9 28 38 47 70 30 43 13 39 86 64 38 37 
29 70 29 7 80 60 19 68 13 29 51 97 51 1 64 23 90 57 36 34 50 91 6 21 99 63 76 32 0 48 
58 91 86 90 25 10 44 3 85 1 82 1 69 72 97 19 21 46 73 83 29 60 82 29 20 13 58 71 23 79 
68 93 64 9 8 86 60 80 94 75 5 62 16 98 83 23 94 36 52 87 39 3 57 4 12 46 8 23 36 19 
95 48 8 18 42 39 0 7 31 78 65 59 15 9 81 1 41 42 84 35 35 51 4 66 1 23 74 65 73 42 
87 64 92 3 36 24 11 97 39 54 48 8 43 69 36 19 65 95 48 12 8 83 81 14 58 77 51 17 54 42 
6 81 87 69 78 97 69 91 25 66 77 85 33 16 61 48 78 84 83 68 71 8 6 24 39 16 63 95 7 28 
84 59 83 66 36 0 74 77 19 78 77 95 36 11 17 91 2 71 33 16 71 15 38 97 15 83 94 67 56 36 
82 40 46 29 65 43 56 28 63 82 99 25 93 2 17 98 42 64 96 40 83 43 89 35 39 40 72 64 66 42 
45 67 99 80 69 95 2 71 95 31 92 41 20 51 37 72 89 69 63 5 21 88 93 9 20 32 24 88 11 50 
9 86 14 12 92 17 32 30 26 31 22 89 64 79 89 54 7 56 97 98 43 31 5 76 14 77 70 13 4 85 
66 5 18 6 20 49 7 62 60 36 57 18 32 88 48 11 15 12 39 74 60 17 59 98 25 98 85 26 72 92 
51 68 68 72 20 83 91 11 99 67 30 44 2 45 41 17 69 43 4 84 4 11 70 10 96 6 3 74 30 53 
77 86 97 65 48 74 78 59 32 86 34 28 63 17 52 41 90 72 17 75 60 8 9 20 90 18 52 95 13 56 
57 72 63 17 37 96 33 14 93 47 20 15 91 82 33 45 84 56 42 52 40 0 85 1 96 23 60 34 36 50 
76 26 63 14 31 13 25 75 52 75 0 27 4 96 59 10 59 50 62 52 85 63 50 0 81 60 44 6 92 9 
66 96 61 94 29 26 4 6 77 7 28 17 71 43 7 81 38 32 11 81 35 12 29 12 17 53 47 61 69 24 
70 45 73 0 86 0 22 75 31 31 70 88 86 82 14 10 28 75 37 12 5 20 40 36 9 13 73 25 82 62 
20 0 54 2 98 74 18 15 96 42 82 29 41 8 49 93 73 8 37 39 78 58 7 77 97 38 82 86 12 79 
81 98 84 23 76 94 93 69 72 38 91 28 51 47 89 49 37 49 27 85 77 90 95 17 31 90 14 52 30 52 
87 66 40 85 85 49 42 87 20 80 10 0 31 50 56 34 73 85 69 32 92 56 66 97 30 79 39 30 83 30 
56 40 13 32 52 20 79 1 30 5 54 43 45 58 28 40 38 47 14 80 62 2 18 3 95 86 38 79 43 95 
85 38 89 83 66 13 9 76 63 71 94 25 80 38 36 3 79 52 63 44 92 95 33 99 95 75 27 36 84 90 
2 15 84 61 80 16 84 39 1 9 66 16 58 80 93 85 93 52 67 54 17 90 51 78 96 43 43 90 2 82 
44 29 24 47 32 2 4 83 63 31 17 54 54 61 23 55 1 48 72 55 61 30 13 55 93 73 65 33 24 30 
29 13 6 57 64 80 64 80 59 30 62 3 43 25 29 0 61 93 20 31 78 88 16 84 86 12 83 13 49 49 
33 47 93 72 67 74 28 31 5 31 67 7 2 60 66 16 31 90 19 89 79 83 66 61 73 36 93 40 45 27 
59 48 99 58 53 59 37 24 69 49 63 9 72 72 62 0 69 0 33 60 17 95 18 94 38 9 59 24 17 21 
66 33 4 71 91 50 39 25 37 93 88 10 33 85 44 83 84 15 35 31 44 2 46 15 88 94 44 0 87 1 
63 45 93 42 90 35 12 74 57 80 95 9 35 21 96 47 74 8 71 85 45 42 12 78 75 10 50 60 85 31 
54 39 60 3 34 58 21 37 0 50 85 86 56 43 9 19 18 0 78 15 85 86 77 46 17 17 43 96 75 5 
7 27 47 27 59 93 56 76 2 56 31 66 75 59 71 7 56 69 52 66 95 79 52 84 10 35 79 13 64 41 
48 91 6 47 35 72 37 17 91 85 34 48 14 74 51 72 4 55 72 69 36 85 87 80 56 39 20 81 49 30 
24 69 63 16 28 74 75 96 92 82 29 64 18 51 98 97 13 51 29 84 1 43 96 14 39 1 43 1 81 36 
19 96 84 60 25 25 64 24 10 39 47 98 21 85 53 82 64 22 32 78 34 33 34 47 41 27 61 32 21 13 
66 31 14 10 77 48 49 1 58 43 68 59 48 82 81 13 35 36 31 6 55 89 13 84 12 66 68 14 86 66 
58 12 48 78 96 35 12 20 64 73 97 6 62 32 63 55 81 5 61 90 55 71 99 74 75 60 25 14 59 85 
69 0 83 24 95 68 62 3 68 20 6 9 21 17 95 48 87 42 56 9 25 98 24 7 58 79 38 26 10 36 
82 65 90 38 85 71 76 71 45 12 99 45 25 23 16 10 51 17 34 74 1 66 18 98 67 71 97 3 32 90 
53 6 93 96 52 87 16 62 58 37 16 28 33 48 81 66 18 49 3 66 45 84 74 9 33 4 45 88 55 2 
96 2 88 28 30 38 81 59 88 4 6 96 78 84 72 35 45 36 10 27 10 37 83 13 90 64 59 10 56 49 
46 84 82 55 97 35 19 69 27 71 72 92 84 58 75 80 89 69 97 70 23 69 14 92 34 4 29 48 83 90 
35 13 54 15 53 82 13 90 74 83 64 45 3 16 54 12 82 84 32 66 32 49 39 26 46 8 8 8 29 71 
92 1 52 5 41 12 81 60 15 86 91 91 87 7 76 55 76 27 14 29 23 97 52 96 87 82 23 81 39 76 
91 35 70 74 13 20 38 49 50 8 31 46 55 22 17 87 45 82 10 52 18 19 56 89 72 76 43 49 45 22 
83 67 75 34 2 23 61 16 52 55 55 86 37 22 35 21 98 21 28 64 13 15 81 20 99 20 18 94 34 70 
0 61 21 45 4 54 67 42 72 23 63 11 3 98 59 95 88 52 97 50 1 57 40 24 23 71 95 27 25 1 
33 14 63 45 56 77 60 73 47 4 62 33 25 57 10 89 69 77 54 96 3 18 4 11 46 67 1 73 57 0 
42 88 64 85 93 37 15 35 87 62 21 61 80 10 63 83 4 46 91 10 62 48 32 76 36 67 83 12 9 97 
75 82 26 89 97 13 35 19 50 96 91 85 64 45 12 82 79 38 24 99 93 64 24 24 19 77 56 60 4 5 
74 81 11 74 47 78 52 59 21 88 33 42 36 96 52 69 80 46 46 21 20 20 96 40 42 56 26 80 86 16 
57 73 61 31 99 30 85 75 96 13 69 61 63 59 50 41 60 23 40 64 11 91 51 22 65 68 99 93 37 50 
8 53 90 22 72 16 49 57 32 38 47 96 82 69 61 39 19 62 58 80 88 68 94 57 91 63 17 9 68 0 
60 54 65 81 50 40 43 78 42 19 88 71 70 57 49 62 70 76 93 89 19 91 53 55 90 86 20 40 16 51 
5 62 26 65 62 3 82 91 46 23 35 35 67 18 76 77 46 8 59 72 81 45 12 85 0 90 66 97 33 93 
74 15 55 78 89 62 62 14 30 22 90 23 56 76 93 65 29 63 33 90 18 32 54 48 2 74 30 6 62 66 
34 7 52 49 45 67 26 27 92 1 34 57 19 19 9 71 1 41 38 56 59 10 63 65 42 5 58 47 81 2 
92 22 39 5 59 33 92 63 40 47 39 43 35 1 13 21 68 1 37 18 61 23 55 86 31 86 38 16 43 74 
27 43 46 51 73 55 54 74 96 18 56 14 51 12 72 39 90 2 84 3 57 9 7 63 41 53 83 13 95 74 
20 5 76 65 83 90 74 66 42 11 44 2 20 25 35 71 82 36 1 5 79 69 29 68 29 4 23 66 6 72 
28 64 50 69 73 68 38 35 90 89 79 11 9 1 6 80 63 76 1 35 34 40 49 44 31 95 33 3 90 93 
7 90 10 62 94 75 1 20 19 32 80 18 66 72 51 19 8 85 63 75 62 60 14 83 65 30 54 27 71 49 
20 22 18 1 80 38 8 11 76 56 8 86 13 90 57 22 13 76 45 51 29 9 98 14 0 79 69 82 97 48 
42 57 76 58 94 42 32 52 51 45 50 79 59 54 72 82 50 16 28 11 59 94 11 9 39 81 88 37 78 10 
73 82 98 75 6 21 15 57 26 60 77 25 14 58 1 49 48 14 94 42 10 79 15 33 24 0 16 23 11 37 
82 79 3 94 34 79 45 52 81 92 80 5 39 80 91 31 36 38 43 49 87 16 64 52 1 93 42 99 55 82 
36 24 44 9 20 93 97 75 13 6 19 0 74 26 90 15 43 1 39 43 72 92 73 84 77 20 31 3 1 15 
83 81 67 11 2 74 69 31 82 99 18 55 78 37 49 52 80 19 67 39 57 41 59 89 46 21 24 90 40 98 
95 48 25 22 44 77 65 3 6 0 32 17 51 91 30 64 6 7 57 57 94 85 14 62 39 29 49 33 65 85 
87 15 83 93 3 85 43 69 18 79 95 35 38 23 90 21 71 49 8 4 69 76 95 43 5 93 60 44 71 55 
48 46 55 99 83 35 39 32 74 2 17 41 15 13 40 42 2 70 21 60 78 50 62 2 72 87 99 74 79 6 
53 51 3 33 50 98 72 51 53 4 86 57 94 81 53 55 26 29 34 79 22 74 0 44 80 41 68 56 38 2 
64 32 80 16 50 20 1 64 93 11 63 22 63 83 52 49 8 20 33 69 25 8 40 71 21 77 65 78 58 58 
38 25 95 79 91 74 93 1 62 54 44 78 86 85 22 95 70 45 90 14 46 74 95 33 65 36 47 31 58 79 
54 66 88 49 61 47 68 79 21 85 8 31 89 5 37 74 21 76 97 27 20 83 98 89 53 48 10 58 45 83 
99 87 6 23 52 33 65 79 44 13 11 99 39 62 49 38 30 49 50 76 58 6 29 14 72 87 94 63 11 32 
42 99 26 28 96 37 64 91 18 58 2 91 25 87 79 18 9 18 78 47 36 14 52 50 60 38 99 71 96 6 
29 55 29 40 74 5 47 85 35 91 44 11 70 55 10 12 75 76 13 74 89 90 42 72 49 79 67 28 56 73 

4546 4131 5875 3684 3565 5266 2758 1210 5064 4739 6183 3097 3579 2624 1964 4706 5603 4766 5979 1725 2356 2846 5265 1407 5384 4366 2360 1681 5851 3748 

18921 4388 17206 15923 12377 1347 2035 15451 6315 12910 12629 15172 3263 17793 7609 1315 7780 10357 13681 13788 15722 18528 15096 14920 19172 14082 2385 12500 19624 16745 