90
30

43 85 28 7 47 72 86 27 92 73 72 20 5 41 47 80 92 6 67 25 67 24 22 34 60 10 67 93 15 28 
0 43 87 49 26 10 12 11 24 42 92 22 86 73 15 99 9 26 31 39 63 89 22 60 47 39 47 56 27 4 
68 56 5 81 57 84 68 49 64 58 17 43 90 70 68 98 82 40 78 48 67 39 54 57 77 23 19 21 25 9 
58 57 60 8 82 73 83 78 55 80 13 67 91 3 49 71 12 91 42 2 16 26 84 63 15 1 85 74 23 6 
89 72 4 37 48 9 30 23 55 11 87 40 5 59 45 49 46 22 62 77 22 42 8 43 28 64 22 73 35 44 
22 72 43 86 59 59 75 98 71 44 26 56 64 47 24 23 49 60 65 61 11 12 31 35 64 88 7 84 46 3 
55 31 47 54 4 38 65 68 68 34 52 52 7 76 82 95 88 13 51 74 2 71 99 80 65 72 16 54 88 59 
60 5 5 97 7 39 98 53 11 39 42 89 42 68 73 28 38 62 52 54 68 81 66 75 15 96 7 60 20 40 
0 17 34 67 83 74 82 70 64 2 35 78 98 58 34 16 58 62 25 3 5 34 93 26 75 38 96 5 26 26 
56 49 34 77 35 61 22 62 27 45 51 96 24 17 21 48 43 27 57 17 35 54 75 11 92 10 58 67 30 81 
74 13 26 87 40 51 32 38 92 26 68 17 18 89 13 21 83 86 9 36 27 27 61 29 25 10 4 87 56 14 
49 27 94 79 58 67 31 44 88 26 98 98 7 92 37 77 85 83 44 16 96 82 84 18 92 23 51 21 42 67 
19 69 36 77 10 3 0 6 78 52 67 36 81 79 19 32 88 99 74 27 46 98 90 10 8 7 14 12 89 4 
92 13 10 68 24 94 34 78 26 25 16 64 32 56 20 36 50 55 66 34 59 6 20 10 1 68 36 3 15 48 
9 85 13 45 2 86 91 71 65 16 33 51 38 61 43 57 26 4 23 30 72 6 69 2 82 47 62 9 70 9 
79 65 16 56 39 35 79 43 66 30 86 46 41 14 2 15 60 86 49 84 32 83 22 79 81 28 33 21 30 93 
70 18 90 78 54 79 76 13 37 99 26 24 67 13 93 50 23 92 39 71 74 46 45 96 41 60 22 25 62 63 
86 82 59 17 29 80 0 79 4 60 80 58 94 34 65 81 56 0 78 49 36 22 21 25 4 3 66 98 65 66 
42 17 33 44 19 85 77 42 67 53 75 15 27 64 46 72 20 29 21 7 6 35 6 26 49 24 23 95 44 85 
33 52 32 49 97 50 93 91 11 19 7 62 18 70 4 5 1 79 60 55 2 23 7 93 2 49 50 15 92 15 
34 53 97 14 78 39 31 79 88 99 9 42 4 34 31 71 51 11 32 26 99 74 35 0 40 56 74 40 52 34 
72 64 4 80 77 12 13 86 8 11 68 64 45 22 80 67 90 21 17 53 56 14 36 18 82 99 26 50 72 24 
20 87 98 94 34 82 41 38 52 4 24 33 60 33 95 53 94 23 40 75 63 46 41 73 57 35 27 83 49 95 
44 9 56 45 80 15 17 21 4 10 1 27 2 36 52 46 30 5 38 34 2 44 60 46 3 63 33 91 77 20 
50 99 37 81 95 48 99 90 53 97 33 80 47 4 86 16 92 33 20 28 43 97 70 95 92 51 5 73 22 71 
64 83 34 66 96 5 10 3 11 37 56 56 39 27 67 1 42 73 89 19 36 55 74 76 12 47 50 1 59 24 
66 73 41 51 66 91 63 27 9 81 46 28 50 84 85 60 21 4 63 12 15 20 44 94 31 5 68 76 41 80 
28 64 95 17 87 5 72 60 81 72 38 26 5 92 69 11 82 17 57 13 63 44 0 44 10 37 54 82 53 10 
79 12 20 72 24 37 4 33 38 54 91 46 76 43 65 10 60 6 86 68 7 48 80 82 37 91 0 53 15 75 
54 36 90 65 92 56 54 85 15 26 12 43 29 32 40 9 76 18 78 84 7 11 92 42 76 46 79 53 75 91 
23 16 32 91 11 47 52 54 72 31 70 82 3 91 35 95 81 66 59 9 93 99 98 73 15 51 36 59 40 16 
98 81 23 6 22 70 91 11 54 35 51 60 39 1 81 53 42 80 89 23 11 29 82 50 65 12 68 42 67 51 
95 56 27 32 97 15 32 21 89 50 1 96 50 77 19 90 76 79 86 9 87 58 3 77 34 76 58 17 27 5 
2 54 81 43 21 31 62 77 44 46 75 99 45 64 14 2 26 58 79 7 98 86 35 13 76 11 52 60 80 2 
56 43 96 7 93 37 38 47 71 94 12 5 30 38 85 95 73 73 5 21 43 71 10 94 29 0 48 39 45 24 
79 17 2 77 28 51 91 92 31 29 12 36 64 10 45 85 70 77 44 46 19 99 82 95 51 96 2 98 9 27 
36 36 52 36 2 48 0 35 92 54 54 3 11 41 2 27 23 5 97 25 30 93 58 17 69 95 48 34 20 51 
22 95 58 4 47 66 74 9 37 10 77 61 59 76 28 11 2 79 79 0 11 86 19 4 34 4 40 81 27 31 
89 72 24 16 56 79 57 42 27 36 89 33 86 42 97 37 60 19 12 42 36 19 6 35 86 85 83 94 91 54 
14 88 46 42 26 19 85 54 26 31 51 18 28 65 21 20 17 51 41 3 55 48 31 49 24 78 91 60 64 26 
79 6 31 87 69 7 11 89 11 64 44 27 27 62 49 73 45 9 65 65 37 68 24 83 10 23 56 49 81 71 
59 43 23 24 0 88 69 81 36 64 11 86 52 55 17 94 73 27 81 16 87 5 55 87 91 86 31 13 40 13 
87 75 75 93 0 85 40 33 93 46 32 36 72 39 38 70 73 56 42 2 14 39 28 76 35 1 96 54 62 36 
65 65 29 49 41 29 52 59 71 42 25 50 4 53 95 86 39 55 30 6 21 79 88 70 30 64 52 15 56 37 
82 48 66 29 10 85 10 9 79 8 8 16 85 9 28 18 88 30 39 26 11 21 2 43 11 92 35 34 20 6 
60 39 81 51 27 57 21 93 58 94 43 87 67 34 27 7 56 88 73 17 73 24 23 94 96 82 50 79 80 31 
87 13 71 20 62 85 82 35 37 99 85 52 66 41 62 56 42 92 12 74 81 35 22 25 62 36 41 92 32 0 
5 79 37 46 25 94 36 36 11 75 21 49 15 53 33 9 4 21 59 83 93 43 55 15 17 30 6 75 95 70 
47 14 46 82 90 82 31 29 26 29 45 19 20 4 94 75 87 22 5 49 41 64 72 16 48 30 36 72 22 56 
44 21 45 73 37 24 2 62 72 49 67 34 60 40 69 42 92 98 35 4 73 38 85 87 93 69 25 93 8 14 
61 41 93 53 37 21 12 69 66 97 5 33 3 61 85 41 86 60 3 7 43 68 16 65 28 70 74 32 62 63 
7 47 62 9 73 78 95 95 2 60 9 66 60 12 90 64 94 53 79 69 43 94 38 24 39 90 41 0 7 91 
45 38 59 94 47 58 37 15 52 22 37 19 96 11 39 76 96 38 9 38 38 1 53 52 8 69 47 51 30 30 
56 85 71 60 35 6 28 1 62 85 2 24 47 50 26 46 21 65 97 19 4 88 42 3 98 82 4 96 42 63 
38 80 60 9 48 12 57 63 98 69 50 16 0 13 57 34 35 49 54 77 84 88 99 22 53 40 63 88 35 89 
26 25 45 38 31 12 96 20 94 77 41 10 24 40 60 95 93 34 96 66 63 63 54 67 61 91 21 93 61 78 
72 24 99 14 64 59 55 99 45 51 65 89 22 90 32 92 60 66 79 91 14 12 44 30 20 20 9 77 83 61 
24 68 48 70 57 86 46 64 90 27 37 17 35 67 97 91 44 13 38 16 37 27 35 66 69 39 3 52 8 89 
58 60 11 74 56 86 99 76 79 44 68 11 22 69 19 13 3 12 55 50 92 27 89 42 38 76 80 5 35 12 
72 66 55 24 4 20 49 25 18 1 84 54 95 17 64 1 82 55 66 72 82 53 81 72 52 17 38 57 96 98 
59 91 64 78 66 3 5 34 43 33 8 57 20 18 50 70 37 50 33 53 98 3 68 77 26 17 45 13 87 92 
7 45 30 22 94 25 71 65 43 49 13 45 61 19 82 27 86 46 26 96 35 95 96 58 75 82 9 20 84 70 
73 30 77 23 14 79 22 34 35 95 70 0 96 93 67 41 99 38 29 76 27 59 94 1 43 4 93 32 70 33 
82 6 17 87 45 69 87 79 55 65 9 95 61 32 90 96 14 58 39 78 77 49 46 2 69 19 7 28 34 97 
15 96 54 23 81 47 20 70 35 82 50 4 31 84 13 88 54 69 91 85 3 37 4 6 1 32 64 26 44 32 
31 49 6 46 10 99 58 61 89 71 57 90 12 72 22 98 48 22 7 17 82 15 30 76 57 42 21 94 34 30 
95 36 43 69 69 8 60 93 81 48 8 71 62 46 94 13 92 92 11 89 29 39 71 22 93 21 54 8 44 80 
80 69 86 78 53 39 90 2 12 43 16 91 9 21 70 35 96 7 35 36 71 49 63 24 41 60 4 67 89 11 
23 21 54 10 30 12 65 47 16 39 72 67 66 45 98 31 12 86 70 59 33 19 20 69 11 55 72 62 6 74 
29 9 17 91 55 49 27 10 8 85 54 23 47 64 70 28 52 63 30 70 13 7 53 44 74 16 36 7 44 39 
84 70 13 19 0 7 31 13 60 59 34 52 74 50 39 11 3 27 23 33 76 98 73 16 46 36 70 68 62 45 
35 85 54 52 55 9 54 27 77 57 0 68 20 48 6 6 51 66 76 97 36 15 15 26 45 83 51 32 72 1 
75 30 20 73 70 81 42 4 74 52 38 68 4 58 63 81 40 72 82 64 36 58 91 33 21 50 72 32 93 91 
65 2 20 12 75 52 22 87 35 82 65 24 8 61 15 70 86 62 27 21 32 23 65 0 58 71 80 8 47 21 
82 86 58 58 6 34 72 56 36 68 67 79 44 30 26 81 60 61 36 7 81 17 97 40 82 77 84 63 88 83 
10 32 14 9 85 63 99 33 83 95 73 88 45 80 36 96 84 3 54 7 81 37 74 15 74 90 42 12 87 1 
52 98 50 82 73 66 0 14 30 35 78 60 31 77 49 31 81 91 20 32 97 99 14 77 42 66 57 29 35 96 
60 29 93 18 6 14 26 85 83 16 87 60 25 22 44 36 35 28 27 28 19 2 76 46 52 57 80 10 38 92 
87 86 69 49 37 51 62 3 27 8 38 74 22 21 90 31 80 28 30 24 34 60 18 76 62 75 33 12 43 80 
8 94 62 5 53 13 27 47 53 52 16 95 91 2 46 22 40 16 45 88 34 25 72 84 0 49 15 29 22 82 
50 2 56 30 56 46 24 33 13 97 62 95 20 22 91 16 33 60 38 88 80 16 22 94 24 36 97 43 77 69 
5 11 78 92 71 75 5 68 68 71 57 38 20 94 51 84 12 38 16 22 45 35 64 78 41 48 82 99 90 12 
78 72 91 48 68 62 39 83 79 95 46 48 33 44 7 43 6 93 50 93 89 89 23 28 8 9 14 56 50 94 
7 38 36 34 15 45 17 11 45 88 84 22 90 35 24 34 51 65 69 77 26 13 9 35 30 13 62 12 34 46 
42 86 25 33 51 67 32 62 89 36 71 2 61 8 7 62 26 70 29 10 11 82 83 34 91 25 23 20 11 54 
70 97 83 82 71 40 11 1 23 62 4 21 99 20 90 81 77 12 45 55 65 62 86 72 87 95 14 17 60 57 
75 73 64 44 11 31 18 31 90 81 92 12 46 46 10 14 83 36 52 21 97 33 32 32 37 25 31 41 14 58 
93 12 13 70 31 78 72 26 90 6 48 73 66 83 59 81 82 36 92 34 59 82 10 92 54 61 91 40 26 23 
93 93 76 51 17 17 58 44 26 98 57 96 30 56 96 54 46 89 92 20 1 5 0 42 23 62 0 19 62 32 
11 95 9 53 60 23 15 51 8 40 40 25 39 63 68 29 55 6 75 25 15 76 32 45 47 3 86 15 88 8 

79 59 4 77 91 24 90 61 0 31 25 24 64 67 80 1 87 67 9 59 80 16 28 57 56 21 65 5 72 50 
9 4 55 60 30 72 61 60 84 87 76 54 14 95 38 85 92 73 52 81 96 43 29 45 88 69 52 62 56 97 
68 12 26 8 64 5 58 97 52 88 88 4 84 74 71 51 92 8 49 74 83 68 35 27 65 57 96 36 80 34 
76 98 51 9 84 66 2 80 55 66 69 85 36 30 42 22 71 51 0 28 88 82 9 43 99 49 18 95 80 34 
69 70 80 62 95 73 88 90 83 74 47 88 19 11 99 52 42 84 0 93 89 67 33 95 84 22 20 37 19 82 
3 9 23 58 37 83 24 65 30 11 50 83 24 62 6 1 85 23 47 99 56 18 29 76 93 26 86 27 93 11 
96 21 66 73 18 40 23 98 9 77 87 76 65 7 35 79 32 75 37 64 98 62 47 9 42 36 66 7 15 86 
72 83 76 94 4 4 6 12 27 88 71 30 22 49 16 50 89 24 0 29 32 63 6 22 93 94 98 59 30 85 
95 30 73 60 85 63 89 48 8 27 49 75 79 73 87 13 15 20 58 73 9 39 87 73 56 84 23 39 15 84 
56 25 73 96 72 38 46 70 29 20 23 90 1 21 49 88 15 67 94 32 75 93 56 63 51 17 7 5 78 54 
58 82 95 11 21 24 7 7 81 36 66 0 21 64 2 35 48 84 28 26 11 4 31 46 38 36 11 84 91 99 
12 93 44 52 87 42 32 61 77 48 12 61 82 35 46 62 86 63 89 2 33 24 49 59 82 85 51 75 89 31 
14 35 86 49 34 25 58 35 24 57 40 35 57 28 92 40 15 56 97 96 35 9 25 11 10 25 42 53 86 75 
45 81 55 34 74 59 41 58 18 25 40 66 19 34 35 95 46 98 19 70 88 68 96 7 81 56 24 34 87 88 
37 10 73 26 66 75 62 1 25 42 65 61 42 50 92 3 60 4 33 58 22 85 25 52 33 23 68 42 40 23 
53 19 93 37 2 22 74 88 45 98 95 95 81 14 20 71 4 93 47 73 75 37 63 35 84 67 53 15 35 73 
35 35 40 68 44 90 0 95 78 62 30 12 7 65 37 68 85 0 58 45 10 3 32 18 51 9 52 72 12 72 
21 67 7 16 4 48 75 82 68 37 50 37 35 48 67 30 87 27 71 11 16 95 59 72 99 53 72 50 28 67 
15 12 47 61 76 16 66 65 73 8 45 8 37 10 88 54 29 97 71 10 38 81 5 70 5 39 7 58 83 57 
21 98 14 82 24 8 89 92 7 18 22 42 5 35 59 31 28 20 95 5 17 55 67 94 11 88 56 44 24 20 
17 84 50 48 13 60 45 80 13 5 67 95 3 37 57 11 9 6 7 79 17 19 37 16 63 38 80 61 17 3 
52 91 78 38 47 48 60 51 92 64 41 20 50 81 99 26 49 98 53 95 86 3 92 38 30 65 55 6 20 93 
95 15 30 91 43 82 53 67 53 94 31 66 88 6 18 48 88 22 61 24 31 13 36 9 69 86 81 91 95 95 
1 78 92 58 33 7 66 32 21 16 41 53 15 8 93 38 97 64 47 17 11 83 58 30 41 57 44 21 61 99 
58 7 51 6 11 89 72 92 71 62 16 52 18 26 82 29 18 97 70 88 54 83 54 40 19 69 96 46 62 28 
25 13 45 48 63 55 53 44 95 68 57 96 11 71 27 37 57 87 49 65 85 71 83 72 79 23 75 10 6 19 
14 23 17 74 76 31 86 98 15 40 82 24 95 18 92 11 62 41 51 55 96 31 49 57 6 15 12 30 61 87 
87 63 44 50 64 38 99 70 35 0 95 75 54 14 32 62 57 55 62 25 59 25 90 89 29 79 95 25 14 25 
82 87 65 3 40 84 81 81 81 87 82 16 89 22 64 62 87 20 11 25 17 3 64 4 88 37 54 68 20 91 
83 39 20 54 79 9 41 31 69 94 17 7 62 97 91 40 3 57 50 36 75 86 64 18 34 18 69 78 15 41 
50 84 53 71 29 85 77 94 34 24 14 86 23 61 70 82 93 62 99 57 90 11 77 48 89 45 24 11 36 18 
63 12 51 54 92 86 37 33 20 11 53 27 87 84 37 82 62 5 87 4 12 87 44 99 57 59 27 88 73 42 
16 71 8 84 89 32 7 18 44 5 79 55 83 34 47 32 23 11 57 91 62 60 41 37 25 11 67 12 60 80 
8 87 58 53 25 55 26 26 38 67 24 62 34 65 55 68 38 90 68 92 32 58 6 6 21 67 20 9 69 41 
19 85 40 42 36 86 46 11 26 27 62 0 26 22 80 23 50 82 89 36 81 74 26 16 5 94 22 2 88 13 
37 22 85 94 69 18 46 95 66 35 48 3 94 51 71 54 18 49 96 58 18 64 96 9 39 65 44 60 50 35 
62 96 53 75 85 31 76 43 8 13 41 0 53 3 82 22 54 86 64 9 72 10 25 88 70 58 33 2 6 16 
47 27 48 87 14 60 95 48 33 63 67 73 87 70 96 54 11 83 42 97 44 10 2 79 98 36 82 81 29 10 
72 56 91 6 27 68 24 80 42 27 94 42 88 17 82 3 34 66 1 68 78 23 93 1 61 36 12 56 37 48 
10 70 24 53 96 65 51 76 2 81 98 79 3 59 62 90 64 48 21 26 11 82 76 53 60 74 72 83 25 10 
63 29 21 52 38 59 12 67 48 5 75 49 85 45 85 12 4 40 32 48 11 2 33 95 25 32 2 61 6 52 
84 81 8 3 65 18 93 6 24 41 18 1 81 15 73 97 56 16 50 23 47 35 53 40 95 45 86 60 88 39 
82 3 19 66 48 51 8 24 64 7 55 83 33 65 71 51 81 35 14 2 61 98 29 37 99 67 63 36 96 90 
99 26 68 26 49 80 79 59 78 17 24 52 63 56 42 54 5 69 77 89 44 18 21 28 61 71 95 90 36 40 
63 32 26 81 80 42 76 57 24 19 62 36 46 15 40 91 65 79 54 27 76 20 19 33 38 82 87 48 88 94 
52 96 68 47 71 7 84 0 91 46 25 25 8 13 0 44 16 87 95 5 1 23 41 16 96 28 44 32 9 71 
23 47 84 12 68 55 47 49 93 80 68 13 51 79 26 71 55 72 58 6 1 53 39 98 87 98 17 4 92 57 
93 34 44 93 39 60 92 27 77 93 68 92 69 43 93 86 86 27 80 8 66 83 22 97 74 34 72 15 12 79 
60 39 65 25 92 57 62 81 43 92 98 67 19 73 40 38 66 55 19 88 40 42 77 17 74 69 19 56 8 44 
96 88 50 64 11 23 8 45 33 83 95 32 53 44 6 94 15 15 7 1 18 56 99 45 66 73 43 51 2 31 
50 96 70 83 86 26 80 99 29 41 70 42 0 82 1 36 35 51 13 11 79 43 37 22 20 66 41 85 91 83 
60 69 7 7 21 33 17 20 79 17 94 9 23 99 79 35 9 98 61 74 39 77 66 6 88 71 66 34 48 55 
53 59 40 20 32 45 22 25 15 48 79 32 38 94 81 65 28 37 55 28 89 18 83 86 76 16 47 80 95 57 
67 51 36 28 2 80 29 9 33 62 74 16 10 93 94 19 69 15 19 89 29 67 71 73 23 23 41 9 51 18 
65 24 16 8 22 92 16 83 49 25 96 66 13 33 64 40 96 87 46 94 92 45 31 95 7 55 22 92 18 21 
96 47 34 4 48 28 66 9 63 8 92 50 45 73 74 16 93 5 74 81 8 13 67 17 73 38 47 11 28 17 
83 95 40 20 56 45 52 81 96 92 35 75 7 71 94 40 23 84 10 12 57 65 87 50 31 69 78 60 89 16 
75 35 40 79 2 82 85 73 52 4 14 9 34 47 90 4 48 39 48 62 90 79 73 80 52 51 49 21 78 72 
78 78 85 2 14 24 62 72 72 97 10 0 95 80 74 27 86 94 93 59 61 80 67 15 48 49 5 27 58 46 
17 24 9 32 63 92 54 88 60 19 69 2 22 42 87 83 80 64 91 18 6 7 99 71 39 19 7 74 87 60 
68 75 52 8 25 44 3 95 33 32 98 45 24 56 21 68 14 48 87 45 44 81 46 7 21 74 62 87 72 35 
73 96 62 90 47 60 17 7 82 19 46 21 39 66 84 6 75 83 69 63 43 2 39 18 59 1 8 32 55 3 
66 95 75 48 99 30 81 56 26 49 66 88 13 26 6 87 95 76 90 59 23 67 4 9 12 93 79 46 68 95 
96 45 8 93 41 0 8 88 40 17 39 22 4 44 76 24 83 7 1 74 5 38 17 56 40 80 52 1 22 18 
29 13 25 82 17 51 53 98 94 11 25 5 93 12 33 46 2 93 17 18 45 83 97 26 67 80 29 75 95 66 
95 10 45 45 43 78 9 69 32 59 34 2 44 22 74 31 74 71 80 19 13 2 67 70 79 97 63 44 61 92 
25 42 85 32 92 53 11 85 0 26 32 67 80 18 18 15 14 24 36 12 23 91 38 35 7 79 99 93 67 6 
39 74 75 12 70 11 69 4 54 51 3 83 46 70 55 72 80 72 97 65 13 80 68 4 22 85 4 34 41 23 
16 82 74 5 26 89 12 91 0 69 54 14 30 79 99 86 57 28 72 24 52 55 85 2 76 56 52 10 92 40 
25 63 18 40 89 11 7 16 59 33 32 24 56 5 92 32 56 0 59 8 48 43 58 27 17 25 28 51 80 63 
8 80 8 55 57 3 19 62 98 65 43 16 35 51 65 47 97 41 16 64 3 89 71 44 43 45 62 9 32 97 
16 88 84 18 81 11 90 49 8 68 24 40 86 37 2 35 48 55 54 85 13 96 9 0 18 84 82 0 58 35 
19 7 31 21 51 98 73 7 46 12 13 83 60 71 93 8 50 66 33 36 68 21 18 83 69 28 75 62 0 13 
27 99 42 99 60 91 41 41 47 88 28 79 0 0 31 20 56 59 20 40 7 90 43 88 39 77 47 11 39 20 
68 36 81 14 78 94 95 18 81 51 3 66 14 93 47 59 7 78 52 37 75 55 20 9 83 2 19 99 81 44 
19 40 10 51 13 13 27 21 92 15 98 10 78 20 53 49 43 38 9 67 45 8 3 16 83 77 87 62 35 38 
84 77 34 50 93 67 7 42 15 10 67 88 18 80 43 97 69 0 87 60 5 37 84 53 14 33 66 69 57 43 
3 46 41 13 14 15 36 26 29 68 87 98 95 33 65 2 5 9 60 52 91 88 14 68 5 71 44 18 2 54 
89 2 74 48 10 11 0 48 5 97 32 73 16 26 15 39 60 98 9 38 95 66 75 29 1 70 29 78 48 91 
83 93 81 76 34 31 25 85 44 0 15 81 57 56 95 40 25 89 25 69 34 30 18 57 72 31 78 83 63 8 
9 74 65 38 27 80 5 53 90 3 9 65 30 7 27 35 42 90 84 56 78 96 95 2 48 97 27 84 10 77 
2 11 31 95 60 34 20 9 47 36 85 86 69 80 60 33 56 44 98 31 13 7 38 38 44 35 74 9 92 21 
7 50 23 54 41 87 46 19 53 40 53 72 61 13 9 24 66 50 39 34 28 24 93 98 19 36 68 79 61 74 
33 18 29 31 92 23 92 87 60 20 15 26 54 18 46 16 24 18 58 76 60 73 21 32 67 81 38 10 91 50 
47 27 28 91 82 78 60 20 57 36 98 61 96 3 16 0 39 81 22 25 91 58 88 48 87 24 38 98 6 59 
71 31 42 55 62 99 24 81 64 64 35 82 20 53 82 85 42 10 12 49 20 51 71 75 78 61 61 76 69 83 
34 63 5 75 32 4 34 45 59 55 28 91 49 74 46 4 59 66 70 7 12 18 47 43 52 35 70 31 3 64 
87 64 34 79 23 98 75 71 53 71 41 50 59 55 42 70 55 11 11 19 73 19 58 37 42 91 37 75 92 98 
93 73 76 60 12 48 92 87 1 9 40 65 70 42 53 27 83 30 89 65 20 98 62 38 43 13 56 27 76 62 
56 14 37 91 85 82 75 86 15 93 16 28 24 53 96 38 90 96 65 19 52 47 67 35 82 27 35 5 49 25 

4546 4131 5875 3684 3565 5266 2758 1210 5064 4739 6183 3097 3579 2624 1964 4706 5603 4766 5979 1725 2356 2846 5265 1407 5384 4366 2360 1681 5851 3748 

9442 11053 4677 10153 2005 9494 2416 4698 5566 3889 5807 11381 8010 11689 10136 3240 8318 4728 10393 2056 3719 11116 5096 4863 7731 2474 5090 3444 2524 7599 