90
30

28 13 34 83 8 75 69 38 51 7 22 93 82 47 9 69 30 96 1 46 69 75 88 69 49 81 53 79 58 30 
19 79 5 91 16 99 91 49 55 99 26 29 25 24 18 97 50 15 18 97 49 32 6 0 20 37 67 82 15 46 
76 38 88 60 84 17 32 20 99 20 30 45 85 8 3 59 23 13 10 11 22 29 41 44 52 54 15 57 58 87 
65 89 66 19 75 95 86 56 0 7 85 70 85 0 82 76 67 97 76 62 18 90 19 30 68 55 3 28 25 8 
7 78 62 96 26 24 44 42 91 67 37 98 36 49 86 45 83 10 77 68 41 30 24 87 45 29 21 22 88 81 
78 22 8 74 14 86 38 21 84 67 41 0 56 14 76 72 68 14 64 25 40 30 71 19 4 47 99 47 88 79 
75 37 71 84 69 38 80 7 72 97 6 38 41 97 71 55 63 25 44 96 13 81 12 70 1 47 55 14 39 98 
57 39 65 90 78 37 7 77 63 37 83 53 45 30 54 94 93 99 94 58 97 34 26 79 99 8 55 53 0 40 
84 88 12 98 97 97 46 76 51 37 19 84 11 11 60 20 5 16 31 6 98 88 87 28 14 64 53 89 42 88 
83 81 16 14 39 28 44 87 94 53 41 9 50 85 84 7 32 92 81 84 95 14 43 2 44 30 97 21 75 92 
57 24 73 98 75 67 19 83 16 53 15 73 27 24 5 7 14 96 67 35 28 9 89 40 33 51 73 48 4 79 
17 23 80 49 62 55 65 29 33 96 60 56 75 96 70 57 85 47 99 49 92 40 54 93 21 84 5 55 53 45 
79 7 76 19 78 68 66 23 48 75 61 80 58 25 15 37 43 24 38 32 26 55 62 6 28 33 92 22 36 2 
35 38 74 18 99 47 3 4 23 77 48 72 80 27 27 54 49 65 29 83 58 16 63 21 50 33 80 16 6 12 
35 45 45 99 53 66 81 1 95 96 95 95 52 77 66 10 22 6 62 6 23 35 91 87 68 69 56 29 0 23 
61 91 50 5 81 55 91 49 67 7 77 0 69 62 5 44 94 80 31 12 16 37 29 24 30 59 84 39 3 5 
40 25 58 75 63 71 14 86 72 5 47 22 61 92 53 67 14 13 37 68 81 68 44 93 63 33 16 78 38 91 
36 77 13 87 94 61 94 98 92 29 94 15 64 30 42 62 80 2 48 23 67 86 33 38 54 61 53 91 39 19 
44 97 24 66 93 66 63 25 95 10 32 74 65 4 6 45 3 18 7 66 35 99 53 25 85 54 26 85 36 68 
37 86 4 50 62 97 13 10 61 22 59 96 27 67 2 36 10 12 11 86 12 62 65 62 64 55 70 15 14 63 
62 73 97 13 4 59 63 0 69 60 80 87 11 14 43 8 35 20 63 6 22 8 98 97 89 24 66 26 57 86 
45 47 91 62 55 64 15 50 69 11 18 50 10 37 13 87 19 51 4 4 98 29 76 45 93 84 20 89 25 69 
53 0 22 43 92 31 92 33 95 68 42 68 76 5 42 66 65 7 67 7 61 82 99 15 98 74 45 39 29 53 
5 92 98 57 17 14 49 17 43 43 89 72 70 16 22 42 63 47 1 33 74 38 68 88 97 28 0 89 27 83 
50 5 67 86 70 24 79 76 52 2 86 47 27 40 60 4 96 71 59 36 90 92 0 64 98 97 72 60 81 0 
38 43 79 27 72 19 81 37 30 0 7 7 51 28 25 68 48 85 96 94 16 66 39 75 77 59 35 30 50 34 
24 38 96 50 70 90 79 40 81 97 63 13 28 98 16 98 84 68 91 17 85 4 16 51 89 43 12 50 74 46 
11 1 99 48 45 39 40 61 45 77 55 72 47 94 40 81 6 99 92 69 67 64 84 89 41 83 20 25 84 20 
20 49 77 45 61 92 52 51 66 95 27 38 24 99 24 78 79 5 95 3 23 18 81 93 76 27 71 36 44 14 
48 7 92 84 23 75 53 52 8 31 87 44 78 12 44 81 9 57 93 63 6 11 36 78 60 76 5 88 85 62 
12 72 29 4 16 38 70 34 3 24 27 27 3 49 52 64 9 88 90 73 41 87 10 55 78 31 55 90 75 35 
59 94 10 28 28 56 32 42 89 93 23 23 45 96 73 43 99 44 48 58 29 27 90 54 27 94 79 75 40 18 
53 24 69 43 59 79 19 66 89 66 98 51 13 81 24 94 18 53 69 76 25 96 61 72 23 80 24 20 58 24 
12 45 64 0 89 1 17 88 48 89 48 25 65 41 59 46 47 88 21 97 10 69 40 74 96 18 29 27 18 53 
17 13 92 62 98 5 91 40 78 86 36 38 80 76 5 20 31 86 22 44 25 85 68 7 32 32 14 26 10 96 
73 42 46 90 24 65 1 69 46 10 70 70 78 77 67 15 83 80 88 83 81 35 34 21 89 58 71 74 73 16 
81 32 4 68 20 22 76 55 84 16 22 43 61 5 39 26 5 85 10 39 73 37 78 40 12 99 16 65 66 76 
1 60 64 22 71 38 0 94 40 37 17 62 88 48 51 24 62 62 95 68 48 46 14 67 90 41 86 6 91 56 
62 78 1 86 94 94 86 93 34 7 29 20 32 15 9 15 77 26 61 13 55 88 6 81 28 8 19 26 42 21 
53 33 40 87 48 75 18 20 5 1 55 79 82 19 20 76 50 15 13 77 22 65 10 13 42 51 14 11 91 85 
28 16 41 83 15 79 92 64 91 13 37 59 81 46 61 53 34 37 74 97 69 11 8 55 97 53 63 96 60 46 
52 16 53 55 94 70 40 96 56 45 83 27 37 97 18 61 51 47 90 82 42 90 88 30 52 78 65 58 22 82 
39 99 75 19 86 92 45 37 3 48 36 63 70 62 9 71 57 93 59 27 62 89 13 2 54 0 64 83 73 22 
22 7 9 73 54 2 59 77 29 8 28 12 2 20 43 56 5 70 74 31 18 29 85 27 47 23 81 58 23 72 
90 82 17 98 16 91 9 73 61 49 79 86 75 31 97 72 3 91 26 9 32 79 83 90 58 57 99 20 25 6 
86 4 98 15 4 13 91 89 82 49 47 41 25 55 41 16 37 27 60 92 21 36 80 57 33 51 38 33 24 42 
73 14 80 91 88 41 34 38 49 24 37 49 28 77 97 77 56 45 14 52 37 25 87 28 53 6 69 62 43 99 
77 16 50 18 7 99 63 23 2 88 94 66 64 98 80 74 22 95 89 65 89 66 67 99 72 89 70 80 17 73 
54 95 9 49 18 22 42 52 38 66 55 10 14 7 75 26 38 41 27 30 44 88 0 43 95 63 69 57 40 54 
27 41 11 49 71 28 73 98 35 26 36 17 85 80 84 52 5 66 98 79 36 85 60 93 57 11 76 12 21 96 
53 18 71 28 16 85 10 20 48 85 6 51 94 64 35 3 64 26 15 57 17 82 71 41 13 27 45 56 76 80 
20 2 89 78 45 0 32 16 76 71 11 87 52 15 58 38 96 14 1 70 85 43 13 34 56 59 15 6 20 14 
71 45 5 99 12 60 67 27 81 49 12 7 66 77 42 56 85 13 6 77 26 42 23 71 65 14 9 81 13 9 
12 79 50 26 65 42 72 6 81 86 49 84 64 34 56 96 17 72 44 5 53 87 58 17 58 95 13 91 48 26 
91 86 27 99 12 84 37 16 6 75 54 55 81 10 74 37 55 51 94 12 14 72 74 68 1 89 43 71 58 27 
92 94 68 53 42 76 66 24 5 34 35 43 74 20 83 11 83 82 77 16 62 81 86 12 51 74 46 67 54 63 
62 77 54 67 0 92 7 66 34 91 4 39 68 4 54 70 22 62 30 13 69 32 83 37 60 69 19 88 68 79 
92 36 47 87 49 2 77 54 46 83 47 74 14 6 98 68 32 0 27 31 53 54 16 9 94 96 50 27 59 23 
30 69 78 63 98 96 88 41 27 55 59 92 47 4 68 36 6 64 67 8 87 78 89 10 39 22 4 26 78 11 
99 23 79 97 60 19 58 34 82 1 14 81 16 14 89 52 43 63 58 36 42 99 52 54 73 65 92 14 97 50 
78 92 19 59 49 43 9 86 33 25 41 81 36 83 61 26 37 33 67 49 5 46 65 79 32 3 37 81 69 96 
28 47 95 79 44 34 60 3 17 49 90 83 71 60 28 79 13 57 66 5 16 87 85 74 65 62 1 63 13 3 
98 45 27 50 86 26 50 79 19 90 1 98 56 16 79 96 61 57 64 93 63 67 13 96 22 17 97 66 90 60 
31 53 41 5 99 45 17 29 60 57 15 33 2 28 20 24 68 26 43 69 79 74 25 60 32 30 25 89 37 13 
94 17 20 33 0 89 19 76 65 23 47 58 28 81 84 39 31 98 41 68 16 36 95 94 60 67 94 69 91 19 
86 30 67 45 6 27 10 76 38 39 20 90 29 3 20 97 35 36 99 22 0 19 59 45 25 3 88 15 68 25 
0 57 68 49 25 50 16 95 42 12 79 85 82 51 77 44 41 64 64 26 95 73 45 56 86 51 55 5 39 70 
72 36 21 69 31 6 46 29 72 80 5 10 39 22 61 70 7 60 27 81 6 25 51 18 72 35 49 77 42 57 
54 44 72 75 6 35 45 42 65 71 98 2 43 51 90 10 78 53 85 61 99 63 19 50 61 18 79 92 34 11 
20 74 85 89 84 39 94 57 5 2 82 58 13 64 34 83 74 64 66 48 25 87 64 44 83 24 79 26 61 44 
63 9 93 24 94 98 71 60 12 51 28 38 57 64 37 45 94 20 10 55 69 47 89 8 16 75 3 76 19 87 
10 85 95 96 42 29 57 9 44 96 71 52 56 4 9 54 88 6 74 45 88 9 40 81 89 22 34 24 8 37 
57 37 19 92 24 62 18 66 57 1 63 36 67 10 53 61 21 87 81 88 63 7 72 4 46 26 83 58 82 74 
48 46 30 6 78 18 82 66 48 69 91 94 37 99 83 94 7 72 33 14 32 8 84 23 0 75 62 99 79 75 
12 29 98 42 36 16 76 99 33 31 30 22 65 52 23 32 90 90 31 6 50 75 52 69 95 76 83 12 76 59 
35 61 61 7 56 74 34 79 99 49 80 51 38 68 96 81 27 15 40 0 58 39 36 8 53 47 91 18 6 57 
86 8 54 33 52 46 45 93 42 2 34 62 62 85 18 4 14 27 2 54 77 46 47 48 16 37 45 3 5 66 
26 11 1 89 89 39 94 98 9 53 43 83 63 11 53 59 90 79 59 80 51 87 26 63 81 16 75 83 36 75 
3 6 76 25 40 88 42 57 81 34 16 17 76 12 71 50 62 68 47 99 79 73 25 82 99 6 63 32 61 56 
33 80 88 91 59 7 35 34 64 92 94 43 59 49 45 71 36 12 36 73 55 25 38 80 22 33 97 48 24 87 
82 60 40 17 99 39 55 21 28 97 52 83 1 30 54 18 13 35 40 10 56 2 54 72 6 17 90 69 4 76 
15 81 6 91 62 64 11 37 14 83 72 88 53 94 53 17 38 1 4 70 59 36 40 50 58 8 69 42 26 45 
89 97 11 13 64 36 0 78 35 41 63 65 30 63 63 22 89 44 75 75 4 36 69 61 43 80 55 58 19 57 
74 48 10 34 13 91 45 76 55 94 17 71 0 94 76 19 25 92 34 67 49 26 58 84 46 39 54 22 3 2 
62 4 27 91 9 28 41 27 2 82 25 32 40 15 97 51 98 94 32 61 98 61 71 41 74 56 62 0 98 73 
37 72 14 68 26 21 15 35 42 36 48 20 7 85 24 29 99 73 90 70 24 12 77 16 73 15 20 89 88 56 
37 96 65 58 2 77 61 13 42 31 86 39 55 45 98 32 21 36 25 49 62 69 90 61 54 41 10 45 25 9 
95 98 69 25 66 1 64 99 71 70 90 8 65 62 58 7 92 26 24 26 68 25 30 59 68 51 97 62 63 34 
78 38 51 95 27 56 96 1 49 48 42 28 45 74 96 35 53 46 81 5 58 55 93 1 25 45 43 57 61 21 
34 90 32 86 23 99 81 56 80 8 17 76 9 49 80 56 17 92 95 95 55 82 86 49 41 32 86 79 51 83 

44 82 90 32 9 57 20 83 35 25 88 96 24 15 2 86 90 10 8 6 54 53 98 72 48 33 92 61 45 48 
52 66 20 29 60 91 8 84 77 0 13 80 65 65 91 79 31 95 99 2 37 4 94 78 81 73 22 0 28 21 
23 12 72 71 54 81 42 80 95 31 79 86 95 52 64 68 80 1 57 35 14 71 84 91 94 74 86 33 32 82 
8 88 27 21 5 91 56 3 72 63 23 42 48 33 49 97 42 31 97 35 67 27 48 0 10 95 0 42 47 45 
27 30 88 29 31 62 22 29 95 49 87 82 81 25 82 87 52 12 2 13 31 49 68 2 78 67 75 27 94 51 
72 58 65 38 69 40 93 38 18 90 2 69 20 63 92 59 48 50 96 38 95 2 60 32 93 92 38 40 37 74 
91 36 44 75 17 42 4 50 58 70 13 84 68 2 4 9 16 86 91 76 79 56 24 13 46 88 96 35 27 81 
53 4 45 99 16 54 63 21 92 15 57 96 48 28 46 80 69 2 50 18 28 77 15 90 37 94 39 39 56 75 
1 43 78 66 45 10 17 7 95 94 82 22 6 71 87 40 49 28 44 5 26 32 47 16 24 7 33 22 73 22 
76 57 80 72 65 87 16 5 49 2 17 23 72 87 8 68 22 46 52 63 59 61 11 75 14 13 40 16 56 1 
68 95 81 35 43 6 66 74 19 89 87 61 42 14 5 56 51 76 63 75 89 94 37 91 8 59 64 43 7 66 
1 69 32 31 20 64 31 75 32 14 50 34 80 59 95 13 77 4 11 2 46 61 57 21 6 99 59 64 8 34 
82 52 12 90 56 19 65 7 47 0 11 74 42 76 49 30 10 9 28 38 47 70 30 43 13 39 86 64 38 37 
29 70 29 7 80 60 19 68 13 29 51 97 51 1 64 23 90 57 36 34 50 91 6 21 99 63 76 32 0 48 
58 91 86 90 25 10 44 3 85 1 82 1 69 72 97 19 21 46 73 83 29 60 82 29 20 13 58 71 23 79 
68 93 64 9 8 86 60 80 94 75 5 62 16 98 83 23 94 36 52 87 39 3 57 4 12 46 8 23 36 19 
95 48 8 18 42 39 0 7 31 78 65 59 15 9 81 1 41 42 84 35 35 51 4 66 1 23 74 65 73 42 
87 64 92 3 36 24 11 97 39 54 48 8 43 69 36 19 65 95 48 12 8 83 81 14 58 77 51 17 54 42 
6 81 87 69 78 97 69 91 25 66 77 85 33 16 61 48 78 84 83 68 71 8 6 24 39 16 63 95 7 28 
84 59 83 66 36 0 74 77 19 78 77 95 36 11 17 91 2 71 33 16 71 15 38 97 15 83 94 67 56 36 
82 40 46 29 65 43 56 28 63 82 99 25 93 2 17 98 42 64 96 40 83 43 89 35 39 40 72 64 66 42 
45 67 99 80 69 95 2 71 95 31 92 41 20 51 37 72 89 69 63 5 21 88 93 9 20 32 24 88 11 50 
9 86 14 12 92 17 32 30 26 31 22 89 64 79 89 54 7 56 97 98 43 31 5 76 14 77 70 13 4 85 
66 5 18 6 20 49 7 62 60 36 57 18 32 88 48 11 15 12 39 74 60 17 59 98 25 98 85 26 72 92 
51 68 68 72 20 83 91 11 99 67 30 44 2 45 41 17 69 43 4 84 4 11 70 10 96 6 3 74 30 53 
77 86 97 65 48 74 78 59 32 86 34 28 63 17 52 41 90 72 17 75 60 8 9 20 90 18 52 95 13 56 
57 72 63 17 37 96 33 14 93 47 20 15 91 82 33 45 84 56 42 52 40 0 85 1 96 23 60 34 36 50 
76 26 63 14 31 13 25 75 52 75 0 27 4 96 59 10 59 50 62 52 85 63 50 0 81 60 44 6 92 9 
66 96 61 94 29 26 4 6 77 7 28 17 71 43 7 81 38 32 11 81 35 12 29 12 17 53 47 61 69 24 
70 45 73 0 86 0 22 75 31 31 70 88 86 82 14 10 28 75 37 12 5 20 40 36 9 13 73 25 82 62 
20 0 54 2 98 74 18 15 96 42 82 29 41 8 49 93 73 8 37 39 78 58 7 77 97 38 82 86 12 79 
81 98 84 23 76 94 93 69 72 38 91 28 51 47 89 49 37 49 27 85 77 90 95 17 31 90 14 52 30 52 
87 66 40 85 85 49 42 87 20 80 10 0 31 50 56 34 73 85 69 32 92 56 66 97 30 79 39 30 83 30 
56 40 13 32 52 20 79 1 30 5 54 43 45 58 28 40 38 47 14 80 62 2 18 3 95 86 38 79 43 95 
85 38 89 83 66 13 9 76 63 71 94 25 80 38 36 3 79 52 63 44 92 95 33 99 95 75 27 36 84 90 
2 15 84 61 80 16 84 39 1 9 66 16 58 80 93 85 93 52 67 54 17 90 51 78 96 43 43 90 2 82 
44 29 24 47 32 2 4 83 63 31 17 54 54 61 23 55 1 48 72 55 61 30 13 55 93 73 65 33 24 30 
29 13 6 57 64 80 64 80 59 30 62 3 43 25 29 0 61 93 20 31 78 88 16 84 86 12 83 13 49 49 
33 47 93 72 67 74 28 31 5 31 67 7 2 60 66 16 31 90 19 89 79 83 66 61 73 36 93 40 45 27 
59 48 99 58 53 59 37 24 69 49 63 9 72 72 62 0 69 0 33 60 17 95 18 94 38 9 59 24 17 21 
66 33 4 71 91 50 39 25 37 93 88 10 33 85 44 83 84 15 35 31 44 2 46 15 88 94 44 0 87 1 
63 45 93 42 90 35 12 74 57 80 95 9 35 21 96 47 74 8 71 85 45 42 12 78 75 10 50 60 85 31 
54 39 60 3 34 58 21 37 0 50 85 86 56 43 9 19 18 0 78 15 85 86 77 46 17 17 43 96 75 5 
7 27 47 27 59 93 56 76 2 56 31 66 75 59 71 7 56 69 52 66 95 79 52 84 10 35 79 13 64 41 
48 91 6 47 35 72 37 17 91 85 34 48 14 74 51 72 4 55 72 69 36 85 87 80 56 39 20 81 49 30 
24 69 63 16 28 74 75 96 92 82 29 64 18 51 98 97 13 51 29 84 1 43 96 14 39 1 43 1 81 36 
19 96 84 60 25 25 64 24 10 39 47 98 21 85 53 82 64 22 32 78 34 33 34 47 41 27 61 32 21 13 
66 31 14 10 77 48 49 1 58 43 68 59 48 82 81 13 35 36 31 6 55 89 13 84 12 66 68 14 86 66 
58 12 48 78 96 35 12 20 64 73 97 6 62 32 63 55 81 5 61 90 55 71 99 74 75 60 25 14 59 85 
69 0 83 24 95 68 62 3 68 20 6 9 21 17 95 48 87 42 56 9 25 98 24 7 58 79 38 26 10 36 
82 65 90 38 85 71 76 71 45 12 99 45 25 23 16 10 51 17 34 74 1 66 18 98 67 71 97 3 32 90 
53 6 93 96 52 87 16 62 58 37 16 28 33 48 81 66 18 49 3 66 45 84 74 9 33 4 45 88 55 2 
96 2 88 28 30 38 81 59 88 4 6 96 78 84 72 35 45 36 10 27 10 37 83 13 90 64 59 10 56 49 
46 84 82 55 97 35 19 69 27 71 72 92 84 58 75 80 89 69 97 70 23 69 14 92 34 4 29 48 83 90 
35 13 54 15 53 82 13 90 74 83 64 45 3 16 54 12 82 84 32 66 32 49 39 26 46 8 8 8 29 71 
92 1 52 5 41 12 81 60 15 86 91 91 87 7 76 55 76 27 14 29 23 97 52 96 87 82 23 81 39 76 
91 35 70 74 13 20 38 49 50 8 31 46 55 22 17 87 45 82 10 52 18 19 56 89 72 76 43 49 45 22 
83 67 75 34 2 23 61 16 52 55 55 86 37 22 35 21 98 21 28 64 13 15 81 20 99 20 18 94 34 70 
0 61 21 45 4 54 67 42 72 23 63 11 3 98 59 95 88 52 97 50 1 57 40 24 23 71 95 27 25 1 
33 14 63 45 56 77 60 73 47 4 62 33 25 57 10 89 69 77 54 96 3 18 4 11 46 67 1 73 57 0 
42 88 64 85 93 37 15 35 87 62 21 61 80 10 63 83 4 46 91 10 62 48 32 76 36 67 83 12 9 97 
75 82 26 89 97 13 35 19 50 96 91 85 64 45 12 82 79 38 24 99 93 64 24 24 19 77 56 60 4 5 
74 81 11 74 47 78 52 59 21 88 33 42 36 96 52 69 80 46 46 21 20 20 96 40 42 56 26 80 86 16 
57 73 61 31 99 30 85 75 96 13 69 61 63 59 50 41 60 23 40 64 11 91 51 22 65 68 99 93 37 50 
8 53 90 22 72 16 49 57 32 38 47 96 82 69 61 39 19 62 58 80 88 68 94 57 91 63 17 9 68 0 
60 54 65 81 50 40 43 78 42 19 88 71 70 57 49 62 70 76 93 89 19 91 53 55 90 86 20 40 16 51 
5 62 26 65 62 3 82 91 46 23 35 35 67 18 76 77 46 8 59 72 81 45 12 85 0 90 66 97 33 93 
74 15 55 78 89 62 62 14 30 22 90 23 56 76 93 65 29 63 33 90 18 32 54 48 2 74 30 6 62 66 
34 7 52 49 45 67 26 27 92 1 34 57 19 19 9 71 1 41 38 56 59 10 63 65 42 5 58 47 81 2 
92 22 39 5 59 33 92 63 40 47 39 43 35 1 13 21 68 1 37 18 61 23 55 86 31 86 38 16 43 74 
27 43 46 51 73 55 54 74 96 18 56 14 51 12 72 39 90 2 84 3 57 9 7 63 41 53 83 13 95 74 
20 5 76 65 83 90 74 66 42 11 44 2 20 25 35 71 82 36 1 5 79 69 29 68 29 4 23 66 6 72 
28 64 50 69 73 68 38 35 90 89 79 11 9 1 6 80 63 76 1 35 34 40 49 44 31 95 33 3 90 93 
7 90 10 62 94 75 1 20 19 32 80 18 66 72 51 19 8 85 63 75 62 60 14 83 65 30 54 27 71 49 
20 22 18 1 80 38 8 11 76 56 8 86 13 90 57 22 13 76 45 51 29 9 98 14 0 79 69 82 97 48 
42 57 76 58 94 42 32 52 51 45 50 79 59 54 72 82 50 16 28 11 59 94 11 9 39 81 88 37 78 10 
73 82 98 75 6 21 15 57 26 60 77 25 14 58 1 49 48 14 94 42 10 79 15 33 24 0 16 23 11 37 
82 79 3 94 34 79 45 52 81 92 80 5 39 80 91 31 36 38 43 49 87 16 64 52 1 93 42 99 55 82 
36 24 44 9 20 93 97 75 13 6 19 0 74 26 90 15 43 1 39 43 72 92 73 84 77 20 31 3 1 15 
83 81 67 11 2 74 69 31 82 99 18 55 78 37 49 52 80 19 67 39 57 41 59 89 46 21 24 90 40 98 
95 48 25 22 44 77 65 3 6 0 32 17 51 91 30 64 6 7 57 57 94 85 14 62 39 29 49 33 65 85 
87 15 83 93 3 85 43 69 18 79 95 35 38 23 90 21 71 49 8 4 69 76 95 43 5 93 60 44 71 55 
48 46 55 99 83 35 39 32 74 2 17 41 15 13 40 42 2 70 21 60 78 50 62 2 72 87 99 74 79 6 
53 51 3 33 50 98 72 51 53 4 86 57 94 81 53 55 26 29 34 79 22 74 0 44 80 41 68 56 38 2 
64 32 80 16 50 20 1 64 93 11 63 22 63 83 52 49 8 20 33 69 25 8 40 71 21 77 65 78 58 58 
38 25 95 79 91 74 93 1 62 54 44 78 86 85 22 95 70 45 90 14 46 74 95 33 65 36 47 31 58 79 
54 66 88 49 61 47 68 79 21 85 8 31 89 5 37 74 21 76 97 27 20 83 98 89 53 48 10 58 45 83 
99 87 6 23 52 33 65 79 44 13 11 99 39 62 49 38 30 49 50 76 58 6 29 14 72 87 94 63 11 32 
42 99 26 28 96 37 64 91 18 58 2 91 25 87 79 18 9 18 78 47 36 14 52 50 60 38 99 71 96 6 
29 55 29 40 74 5 47 85 35 91 44 11 70 55 10 12 75 76 13 74 89 90 42 72 49 79 67 28 56 73 

3815 4854 2353 4496 3207 4876 1405 3058 2121 5204 1585 1236 4512 2693 2734 4429 794 4771 4559 3309 2544 2085 1967 2946 3700 1897 716 3449 1897 5064 

18921 4388 17206 15923 12377 1347 2035 15451 6315 12910 12629 15172 3263 17793 7609 1315 7780 10357 13681 13788 15722 18528 15096 14920 19172 14082 2385 12500 19624 16745 