90
30

28 13 34 83 8 75 69 38 51 7 22 93 82 47 9 69 30 96 1 46 69 75 88 69 49 81 53 79 58 30 
19 79 5 91 16 99 91 49 55 99 26 29 25 24 18 97 50 15 18 97 49 32 6 0 20 37 67 82 15 46 
76 38 88 60 84 17 32 20 99 20 30 45 85 8 3 59 23 13 10 11 22 29 41 44 52 54 15 57 58 87 
65 89 66 19 75 95 86 56 0 7 85 70 85 0 82 76 67 97 76 62 18 90 19 30 68 55 3 28 25 8 
7 78 62 96 26 24 44 42 91 67 37 98 36 49 86 45 83 10 77 68 41 30 24 87 45 29 21 22 88 81 
78 22 8 74 14 86 38 21 84 67 41 0 56 14 76 72 68 14 64 25 40 30 71 19 4 47 99 47 88 79 
75 37 71 84 69 38 80 7 72 97 6 38 41 97 71 55 63 25 44 96 13 81 12 70 1 47 55 14 39 98 
57 39 65 90 78 37 7 77 63 37 83 53 45 30 54 94 93 99 94 58 97 34 26 79 99 8 55 53 0 40 
84 88 12 98 97 97 46 76 51 37 19 84 11 11 60 20 5 16 31 6 98 88 87 28 14 64 53 89 42 88 
83 81 16 14 39 28 44 87 94 53 41 9 50 85 84 7 32 92 81 84 95 14 43 2 44 30 97 21 75 92 
57 24 73 98 75 67 19 83 16 53 15 73 27 24 5 7 14 96 67 35 28 9 89 40 33 51 73 48 4 79 
17 23 80 49 62 55 65 29 33 96 60 56 75 96 70 57 85 47 99 49 92 40 54 93 21 84 5 55 53 45 
79 7 76 19 78 68 66 23 48 75 61 80 58 25 15 37 43 24 38 32 26 55 62 6 28 33 92 22 36 2 
35 38 74 18 99 47 3 4 23 77 48 72 80 27 27 54 49 65 29 83 58 16 63 21 50 33 80 16 6 12 
35 45 45 99 53 66 81 1 95 96 95 95 52 77 66 10 22 6 62 6 23 35 91 87 68 69 56 29 0 23 
61 91 50 5 81 55 91 49 67 7 77 0 69 62 5 44 94 80 31 12 16 37 29 24 30 59 84 39 3 5 
40 25 58 75 63 71 14 86 72 5 47 22 61 92 53 67 14 13 37 68 81 68 44 93 63 33 16 78 38 91 
36 77 13 87 94 61 94 98 92 29 94 15 64 30 42 62 80 2 48 23 67 86 33 38 54 61 53 91 39 19 
44 97 24 66 93 66 63 25 95 10 32 74 65 4 6 45 3 18 7 66 35 99 53 25 85 54 26 85 36 68 
37 86 4 50 62 97 13 10 61 22 59 96 27 67 2 36 10 12 11 86 12 62 65 62 64 55 70 15 14 63 
62 73 97 13 4 59 63 0 69 60 80 87 11 14 43 8 35 20 63 6 22 8 98 97 89 24 66 26 57 86 
45 47 91 62 55 64 15 50 69 11 18 50 10 37 13 87 19 51 4 4 98 29 76 45 93 84 20 89 25 69 
53 0 22 43 92 31 92 33 95 68 42 68 76 5 42 66 65 7 67 7 61 82 99 15 98 74 45 39 29 53 
5 92 98 57 17 14 49 17 43 43 89 72 70 16 22 42 63 47 1 33 74 38 68 88 97 28 0 89 27 83 
50 5 67 86 70 24 79 76 52 2 86 47 27 40 60 4 96 71 59 36 90 92 0 64 98 97 72 60 81 0 
38 43 79 27 72 19 81 37 30 0 7 7 51 28 25 68 48 85 96 94 16 66 39 75 77 59 35 30 50 34 
24 38 96 50 70 90 79 40 81 97 63 13 28 98 16 98 84 68 91 17 85 4 16 51 89 43 12 50 74 46 
11 1 99 48 45 39 40 61 45 77 55 72 47 94 40 81 6 99 92 69 67 64 84 89 41 83 20 25 84 20 
20 49 77 45 61 92 52 51 66 95 27 38 24 99 24 78 79 5 95 3 23 18 81 93 76 27 71 36 44 14 
48 7 92 84 23 75 53 52 8 31 87 44 78 12 44 81 9 57 93 63 6 11 36 78 60 76 5 88 85 62 
12 72 29 4 16 38 70 34 3 24 27 27 3 49 52 64 9 88 90 73 41 87 10 55 78 31 55 90 75 35 
59 94 10 28 28 56 32 42 89 93 23 23 45 96 73 43 99 44 48 58 29 27 90 54 27 94 79 75 40 18 
53 24 69 43 59 79 19 66 89 66 98 51 13 81 24 94 18 53 69 76 25 96 61 72 23 80 24 20 58 24 
12 45 64 0 89 1 17 88 48 89 48 25 65 41 59 46 47 88 21 97 10 69 40 74 96 18 29 27 18 53 
17 13 92 62 98 5 91 40 78 86 36 38 80 76 5 20 31 86 22 44 25 85 68 7 32 32 14 26 10 96 
73 42 46 90 24 65 1 69 46 10 70 70 78 77 67 15 83 80 88 83 81 35 34 21 89 58 71 74 73 16 
81 32 4 68 20 22 76 55 84 16 22 43 61 5 39 26 5 85 10 39 73 37 78 40 12 99 16 65 66 76 
1 60 64 22 71 38 0 94 40 37 17 62 88 48 51 24 62 62 95 68 48 46 14 67 90 41 86 6 91 56 
62 78 1 86 94 94 86 93 34 7 29 20 32 15 9 15 77 26 61 13 55 88 6 81 28 8 19 26 42 21 
53 33 40 87 48 75 18 20 5 1 55 79 82 19 20 76 50 15 13 77 22 65 10 13 42 51 14 11 91 85 
28 16 41 83 15 79 92 64 91 13 37 59 81 46 61 53 34 37 74 97 69 11 8 55 97 53 63 96 60 46 
52 16 53 55 94 70 40 96 56 45 83 27 37 97 18 61 51 47 90 82 42 90 88 30 52 78 65 58 22 82 
39 99 75 19 86 92 45 37 3 48 36 63 70 62 9 71 57 93 59 27 62 89 13 2 54 0 64 83 73 22 
22 7 9 73 54 2 59 77 29 8 28 12 2 20 43 56 5 70 74 31 18 29 85 27 47 23 81 58 23 72 
90 82 17 98 16 91 9 73 61 49 79 86 75 31 97 72 3 91 26 9 32 79 83 90 58 57 99 20 25 6 
86 4 98 15 4 13 91 89 82 49 47 41 25 55 41 16 37 27 60 92 21 36 80 57 33 51 38 33 24 42 
73 14 80 91 88 41 34 38 49 24 37 49 28 77 97 77 56 45 14 52 37 25 87 28 53 6 69 62 43 99 
77 16 50 18 7 99 63 23 2 88 94 66 64 98 80 74 22 95 89 65 89 66 67 99 72 89 70 80 17 73 
54 95 9 49 18 22 42 52 38 66 55 10 14 7 75 26 38 41 27 30 44 88 0 43 95 63 69 57 40 54 
27 41 11 49 71 28 73 98 35 26 36 17 85 80 84 52 5 66 98 79 36 85 60 93 57 11 76 12 21 96 
53 18 71 28 16 85 10 20 48 85 6 51 94 64 35 3 64 26 15 57 17 82 71 41 13 27 45 56 76 80 
20 2 89 78 45 0 32 16 76 71 11 87 52 15 58 38 96 14 1 70 85 43 13 34 56 59 15 6 20 14 
71 45 5 99 12 60 67 27 81 49 12 7 66 77 42 56 85 13 6 77 26 42 23 71 65 14 9 81 13 9 
12 79 50 26 65 42 72 6 81 86 49 84 64 34 56 96 17 72 44 5 53 87 58 17 58 95 13 91 48 26 
91 86 27 99 12 84 37 16 6 75 54 55 81 10 74 37 55 51 94 12 14 72 74 68 1 89 43 71 58 27 
92 94 68 53 42 76 66 24 5 34 35 43 74 20 83 11 83 82 77 16 62 81 86 12 51 74 46 67 54 63 
62 77 54 67 0 92 7 66 34 91 4 39 68 4 54 70 22 62 30 13 69 32 83 37 60 69 19 88 68 79 
92 36 47 87 49 2 77 54 46 83 47 74 14 6 98 68 32 0 27 31 53 54 16 9 94 96 50 27 59 23 
30 69 78 63 98 96 88 41 27 55 59 92 47 4 68 36 6 64 67 8 87 78 89 10 39 22 4 26 78 11 
99 23 79 97 60 19 58 34 82 1 14 81 16 14 89 52 43 63 58 36 42 99 52 54 73 65 92 14 97 50 
78 92 19 59 49 43 9 86 33 25 41 81 36 83 61 26 37 33 67 49 5 46 65 79 32 3 37 81 69 96 
28 47 95 79 44 34 60 3 17 49 90 83 71 60 28 79 13 57 66 5 16 87 85 74 65 62 1 63 13 3 
98 45 27 50 86 26 50 79 19 90 1 98 56 16 79 96 61 57 64 93 63 67 13 96 22 17 97 66 90 60 
31 53 41 5 99 45 17 29 60 57 15 33 2 28 20 24 68 26 43 69 79 74 25 60 32 30 25 89 37 13 
94 17 20 33 0 89 19 76 65 23 47 58 28 81 84 39 31 98 41 68 16 36 95 94 60 67 94 69 91 19 
86 30 67 45 6 27 10 76 38 39 20 90 29 3 20 97 35 36 99 22 0 19 59 45 25 3 88 15 68 25 
0 57 68 49 25 50 16 95 42 12 79 85 82 51 77 44 41 64 64 26 95 73 45 56 86 51 55 5 39 70 
72 36 21 69 31 6 46 29 72 80 5 10 39 22 61 70 7 60 27 81 6 25 51 18 72 35 49 77 42 57 
54 44 72 75 6 35 45 42 65 71 98 2 43 51 90 10 78 53 85 61 99 63 19 50 61 18 79 92 34 11 
20 74 85 89 84 39 94 57 5 2 82 58 13 64 34 83 74 64 66 48 25 87 64 44 83 24 79 26 61 44 
63 9 93 24 94 98 71 60 12 51 28 38 57 64 37 45 94 20 10 55 69 47 89 8 16 75 3 76 19 87 
10 85 95 96 42 29 57 9 44 96 71 52 56 4 9 54 88 6 74 45 88 9 40 81 89 22 34 24 8 37 
57 37 19 92 24 62 18 66 57 1 63 36 67 10 53 61 21 87 81 88 63 7 72 4 46 26 83 58 82 74 
48 46 30 6 78 18 82 66 48 69 91 94 37 99 83 94 7 72 33 14 32 8 84 23 0 75 62 99 79 75 
12 29 98 42 36 16 76 99 33 31 30 22 65 52 23 32 90 90 31 6 50 75 52 69 95 76 83 12 76 59 
35 61 61 7 56 74 34 79 99 49 80 51 38 68 96 81 27 15 40 0 58 39 36 8 53 47 91 18 6 57 
86 8 54 33 52 46 45 93 42 2 34 62 62 85 18 4 14 27 2 54 77 46 47 48 16 37 45 3 5 66 
26 11 1 89 89 39 94 98 9 53 43 83 63 11 53 59 90 79 59 80 51 87 26 63 81 16 75 83 36 75 
3 6 76 25 40 88 42 57 81 34 16 17 76 12 71 50 62 68 47 99 79 73 25 82 99 6 63 32 61 56 
33 80 88 91 59 7 35 34 64 92 94 43 59 49 45 71 36 12 36 73 55 25 38 80 22 33 97 48 24 87 
82 60 40 17 99 39 55 21 28 97 52 83 1 30 54 18 13 35 40 10 56 2 54 72 6 17 90 69 4 76 
15 81 6 91 62 64 11 37 14 83 72 88 53 94 53 17 38 1 4 70 59 36 40 50 58 8 69 42 26 45 
89 97 11 13 64 36 0 78 35 41 63 65 30 63 63 22 89 44 75 75 4 36 69 61 43 80 55 58 19 57 
74 48 10 34 13 91 45 76 55 94 17 71 0 94 76 19 25 92 34 67 49 26 58 84 46 39 54 22 3 2 
62 4 27 91 9 28 41 27 2 82 25 32 40 15 97 51 98 94 32 61 98 61 71 41 74 56 62 0 98 73 
37 72 14 68 26 21 15 35 42 36 48 20 7 85 24 29 99 73 90 70 24 12 77 16 73 15 20 89 88 56 
37 96 65 58 2 77 61 13 42 31 86 39 55 45 98 32 21 36 25 49 62 69 90 61 54 41 10 45 25 9 
95 98 69 25 66 1 64 99 71 70 90 8 65 62 58 7 92 26 24 26 68 25 30 59 68 51 97 62 63 34 
78 38 51 95 27 56 96 1 49 48 42 28 45 74 96 35 53 46 81 5 58 55 93 1 25 45 43 57 61 21 
34 90 32 86 23 99 81 56 80 8 17 76 9 49 80 56 17 92 95 95 55 82 86 49 41 32 86 79 51 83 

2 80 98 74 0 17 94 41 89 16 95 96 95 7 27 26 27 16 31 88 74 18 71 53 2 36 90 41 19 16 
13 15 73 37 96 25 94 30 69 17 83 17 15 56 16 95 3 23 23 17 43 84 55 64 43 36 37 87 90 99 
92 85 79 84 69 28 58 62 10 55 71 31 52 2 14 40 32 36 37 10 51 6 53 79 10 37 43 62 34 20 
61 79 41 78 84 11 4 21 63 96 49 5 57 44 59 65 74 63 88 89 33 14 4 44 37 28 8 85 14 67 
10 0 59 8 51 63 95 78 6 20 36 69 98 7 9 16 25 92 77 17 60 82 73 19 90 33 21 10 6 70 
24 90 41 84 40 95 42 78 54 21 9 76 51 54 33 10 28 17 34 62 3 75 63 10 9 61 25 19 76 39 
45 72 64 77 66 22 59 28 72 25 77 27 61 80 31 52 11 77 44 19 28 44 31 90 46 34 68 34 37 89 
26 54 52 89 46 78 84 56 68 74 33 75 51 43 20 65 47 94 80 89 5 97 14 3 37 94 95 84 50 84 
64 74 41 28 43 36 8 46 56 19 19 80 54 65 38 68 56 7 18 40 70 43 87 35 56 92 97 99 32 57 
30 12 57 44 39 60 15 43 12 41 3 37 60 73 0 1 75 55 49 24 13 82 98 57 86 18 81 60 85 97 
15 14 53 76 76 13 88 82 54 61 40 26 7 30 40 59 71 54 69 13 90 76 48 39 70 61 24 38 77 46 
73 59 38 87 42 85 92 39 3 52 32 55 1 70 10 7 6 25 5 63 3 6 80 65 87 60 72 6 44 90 
92 80 32 36 29 75 88 6 89 19 48 61 6 9 26 45 18 71 3 36 73 35 32 51 34 37 45 27 82 59 
15 75 37 88 30 58 55 40 61 59 59 94 36 28 20 23 69 31 95 17 73 39 85 43 86 21 74 76 82 48 
59 4 28 97 80 85 35 37 16 17 0 19 6 46 28 2 2 14 8 8 66 32 59 57 84 29 67 44 36 13 
8 61 52 42 97 67 54 78 14 62 51 4 20 15 47 1 33 62 67 19 45 65 19 95 0 97 51 99 51 1 
66 19 84 35 94 91 61 99 51 69 31 3 33 68 9 33 8 26 9 17 17 88 4 93 1 77 36 42 3 30 
88 29 20 6 14 70 2 88 80 13 23 50 49 10 70 42 27 11 25 30 61 4 39 91 34 88 21 43 3 57 
91 63 0 21 65 30 56 92 83 85 41 31 86 6 28 11 9 27 10 43 46 64 46 91 5 15 5 52 48 48 
38 87 4 9 83 21 81 88 12 59 28 52 51 83 14 13 29 15 30 93 64 77 32 23 65 75 75 63 15 91 
14 40 73 54 65 43 8 31 57 21 36 59 12 77 42 2 44 40 10 11 50 72 73 17 52 41 71 85 93 56 
79 16 9 59 42 62 35 10 17 6 94 10 27 8 99 64 69 26 71 50 28 68 23 70 90 21 86 98 63 77 
90 33 42 40 87 38 75 94 10 20 27 57 2 80 35 54 38 34 12 97 55 94 37 32 36 54 44 0 27 13 
90 36 82 47 68 86 60 1 2 13 22 53 29 48 4 97 58 72 64 27 72 63 14 20 91 32 16 62 37 23 
78 48 49 81 73 72 46 76 2 64 50 62 38 53 85 98 34 69 42 70 96 98 74 76 27 64 43 75 23 97 
43 11 51 10 84 56 51 98 89 41 50 38 46 61 63 33 32 83 36 46 81 82 41 20 69 92 36 58 42 47 
54 32 12 41 73 43 91 37 91 31 31 15 99 22 13 14 36 73 81 31 65 23 19 74 92 84 27 73 42 22 
37 16 41 4 66 43 78 38 10 30 52 94 33 35 6 10 76 1 33 19 16 26 87 34 46 41 28 98 46 85 
8 71 76 28 53 20 99 5 14 25 33 69 81 30 77 47 89 88 55 84 65 87 93 5 78 57 2 9 12 86 
44 99 56 13 4 8 95 51 81 67 37 78 99 19 11 96 69 97 28 34 71 4 80 57 44 63 28 10 77 31 
95 90 65 89 73 45 65 63 7 38 55 23 16 13 94 74 59 69 38 38 61 16 42 81 62 79 72 47 35 56 
5 92 13 70 74 37 3 59 2 78 66 88 35 25 31 86 56 60 31 40 37 28 91 98 84 16 29 67 56 58 
8 98 74 6 89 0 61 26 52 38 56 18 84 76 12 76 72 99 67 28 15 19 43 30 79 34 13 87 37 5 
45 55 69 82 15 16 30 76 39 47 87 57 66 27 9 42 48 36 39 93 62 64 89 35 56 9 48 69 42 56 
78 42 65 48 50 97 12 95 30 8 45 93 38 84 71 30 26 96 79 20 46 52 22 79 14 30 98 38 81 43 
84 61 79 97 13 5 92 74 95 48 69 23 39 64 92 78 6 32 55 14 15 96 15 4 75 17 38 67 17 93 
23 86 49 21 3 54 60 47 50 83 42 5 14 67 3 63 1 91 7 16 51 38 39 88 81 16 1 50 94 24 
82 54 79 21 46 35 49 64 52 48 88 41 81 30 16 2 46 98 75 68 6 45 8 79 6 73 88 0 25 81 
4 97 87 7 16 64 83 81 52 46 6 41 82 5 88 15 13 7 96 83 86 44 35 64 53 15 48 85 93 8 
23 40 72 99 49 42 62 21 65 18 82 87 14 9 17 72 86 81 28 79 8 34 66 49 24 94 50 89 67 11 
62 37 19 91 90 60 9 55 5 93 97 83 48 39 41 94 92 86 49 79 72 32 59 74 11 2 2 38 98 15 
40 93 73 22 83 24 36 28 30 45 93 71 81 93 92 24 26 89 15 29 98 92 39 96 50 30 74 16 95 79 
35 71 17 28 15 45 36 59 74 67 99 16 38 39 18 45 92 28 80 43 4 28 1 29 12 21 4 34 72 98 
30 78 31 3 22 68 87 26 48 49 52 59 28 78 11 74 9 17 64 6 88 61 90 49 78 31 58 70 69 22 
81 43 29 77 94 24 52 20 1 30 35 72 7 2 50 43 43 42 51 65 58 82 11 2 15 3 95 68 30 28 
16 36 38 41 16 98 68 16 78 43 78 64 62 39 59 14 24 31 28 6 40 25 60 42 78 78 30 43 65 41 
68 93 39 20 42 74 10 41 33 25 42 55 49 74 45 90 16 27 29 65 19 17 72 12 93 45 98 58 98 62 
53 78 96 83 56 25 53 15 31 88 3 68 64 24 60 53 45 93 72 93 71 72 32 21 40 23 17 14 47 64 
92 99 71 39 27 31 8 7 90 31 97 98 31 26 33 77 64 32 73 49 5 78 77 85 43 54 35 33 24 39 
80 73 99 30 78 12 56 89 60 26 36 79 23 12 3 48 14 92 26 86 89 86 80 67 0 40 88 46 49 96 
46 79 21 19 14 78 82 17 69 26 99 45 33 11 23 49 44 52 44 5 22 34 0 61 50 63 13 80 65 18 
69 48 48 58 71 87 43 5 42 1 32 27 38 33 83 68 12 9 12 20 35 4 41 33 63 64 49 85 15 52 
32 84 82 2 34 68 2 19 4 18 63 43 2 94 12 66 51 85 0 70 3 4 70 33 80 87 82 13 3 69 
27 6 10 49 75 52 40 71 60 11 25 63 97 50 19 49 78 21 62 89 97 93 47 22 9 91 47 37 11 53 
19 69 95 99 79 12 31 72 42 91 66 13 47 31 49 60 10 28 18 82 2 99 10 15 12 59 83 31 64 70 
51 64 92 57 88 90 80 63 32 16 50 23 12 33 20 53 68 39 89 86 39 36 18 27 48 55 1 67 96 60 
61 15 52 52 3 19 96 46 16 84 60 16 8 28 65 28 4 3 53 84 52 94 67 76 18 75 14 10 53 67 
27 42 80 41 12 52 18 61 36 35 50 50 93 86 0 35 64 16 74 98 53 23 86 42 57 0 70 40 12 58 
42 45 27 93 73 61 79 33 91 5 47 34 7 27 10 17 43 38 25 64 11 97 63 9 61 34 82 9 5 9 
45 56 80 54 22 85 5 29 47 88 60 92 90 21 71 74 86 82 90 0 32 98 9 0 29 31 33 95 43 10 
14 63 12 41 13 18 10 46 50 43 61 45 49 77 52 80 89 42 97 33 33 52 47 96 75 50 42 2 45 64 
61 15 47 73 12 30 24 23 63 55 95 41 12 58 69 36 41 0 69 76 15 0 95 90 3 91 25 32 44 69 
26 0 83 39 17 4 43 20 32 25 28 50 34 4 41 13 17 58 91 74 77 9 11 96 40 78 9 73 84 73 
26 6 88 77 77 3 99 12 1 85 91 48 22 20 76 57 37 23 73 53 57 1 43 71 56 11 64 48 43 84 
92 44 24 17 34 86 38 33 25 47 78 83 91 80 38 12 40 63 38 34 8 45 18 82 57 80 18 15 1 99 
61 22 97 54 27 37 49 38 80 59 93 49 69 47 60 81 42 25 54 32 30 20 74 78 79 27 70 49 64 60 
20 95 89 40 59 60 69 30 5 58 43 16 58 52 64 94 59 72 74 14 60 14 47 84 13 12 64 46 94 82 
58 74 27 71 30 43 49 55 34 89 61 89 91 42 37 80 52 19 87 47 45 88 7 99 71 59 49 23 25 56 
1 75 65 67 62 25 56 95 48 80 54 37 59 94 10 83 8 51 22 94 78 64 42 12 60 23 34 9 96 5 
33 80 26 18 47 29 5 26 17 11 50 13 9 28 31 49 10 87 12 76 59 76 3 49 25 4 89 62 17 27 
51 71 86 43 61 90 64 29 66 9 34 63 57 78 29 44 93 49 25 8 47 55 49 97 66 94 27 38 81 35 
45 35 97 49 4 77 65 65 76 15 96 73 0 76 85 39 89 98 45 6 10 3 75 83 74 71 12 61 53 41 
29 2 98 86 5 85 30 16 51 8 38 16 80 90 84 32 58 4 17 31 77 51 47 36 18 46 17 91 17 77 
84 98 40 67 98 60 31 42 32 1 0 77 9 39 38 94 29 64 14 22 87 15 61 30 39 75 59 23 57 30 
95 36 74 45 31 75 20 70 16 99 99 77 47 20 41 73 27 89 48 64 99 83 20 52 57 6 14 92 42 84 
72 41 97 0 48 74 28 14 86 58 88 55 47 94 93 80 87 85 41 45 31 75 72 22 89 73 11 61 21 63 
70 92 41 56 8 99 7 32 72 12 66 93 60 24 11 6 99 91 0 22 8 1 38 97 3 14 13 38 54 93 
35 71 11 2 37 87 51 28 25 22 12 43 79 76 32 37 52 71 85 78 27 10 93 60 7 84 70 76 59 38 
4 16 53 1 90 62 36 25 81 51 49 99 8 19 91 39 90 45 56 55 33 61 17 57 96 95 44 44 66 71 
44 94 65 64 97 46 96 10 8 43 95 98 99 74 32 97 18 40 4 12 29 25 86 48 18 48 55 45 34 41 
92 98 34 54 25 87 10 0 76 79 26 90 20 68 70 13 67 76 26 70 32 22 2 54 49 44 73 50 41 16 
30 93 62 3 40 99 60 51 61 64 41 92 57 97 22 25 28 37 6 95 25 48 17 76 30 20 86 43 26 7 
63 83 63 72 99 73 25 38 31 40 39 43 61 64 70 76 3 2 14 19 53 38 77 23 89 92 92 5 24 32 
18 45 66 85 34 7 38 37 0 9 85 56 61 47 66 5 31 16 1 97 43 91 24 30 91 73 62 4 87 97 
48 91 91 70 30 31 21 78 25 65 22 81 55 18 65 90 50 15 3 87 88 78 2 36 44 38 26 8 38 64 
42 87 8 90 82 65 71 96 71 22 16 70 98 53 61 60 11 92 65 85 51 38 74 78 53 94 52 71 86 64 
3 42 3 72 10 93 30 94 41 21 9 32 80 9 85 52 7 36 84 77 26 1 34 98 5 97 30 58 95 80 
28 11 31 24 44 54 26 57 68 3 30 18 30 54 95 78 85 37 85 16 94 72 7 39 14 76 60 5 40 77 
32 60 54 46 80 14 59 37 85 28 32 14 60 62 4 87 50 18 52 94 70 87 71 12 45 70 48 62 58 37 
66 54 34 46 15 95 96 33 66 33 80 48 53 31 91 97 74 88 47 10 86 40 27 53 72 34 37 53 92 22 

3815 4854 2353 4496 3207 4876 1405 3058 2121 5204 1585 1236 4512 2693 2734 4429 794 4771 4559 3309 2544 2085 1967 2946 3700 1897 716 3449 1897 5064 

11764 8827 4714 7394 5596 15644 21195 27531 19887 9274 19182 22785 21733 13701 22557 24065 25308 20554 24205 21222 3895 23444 21300 26684 1921 16767 20937 20503 25818 23160 