90
30

79 59 4 77 91 24 90 61 0 31 25 24 64 67 80 1 87 67 9 59 80 16 28 57 56 21 65 5 72 50 
9 4 55 60 30 72 61 60 84 87 76 54 14 95 38 85 92 73 52 81 96 43 29 45 88 69 52 62 56 97 
68 12 26 8 64 5 58 97 52 88 88 4 84 74 71 51 92 8 49 74 83 68 35 27 65 57 96 36 80 34 
76 98 51 9 84 66 2 80 55 66 69 85 36 30 42 22 71 51 0 28 88 82 9 43 99 49 18 95 80 34 
69 70 80 62 95 73 88 90 83 74 47 88 19 11 99 52 42 84 0 93 89 67 33 95 84 22 20 37 19 82 
3 9 23 58 37 83 24 65 30 11 50 83 24 62 6 1 85 23 47 99 56 18 29 76 93 26 86 27 93 11 
96 21 66 73 18 40 23 98 9 77 87 76 65 7 35 79 32 75 37 64 98 62 47 9 42 36 66 7 15 86 
72 83 76 94 4 4 6 12 27 88 71 30 22 49 16 50 89 24 0 29 32 63 6 22 93 94 98 59 30 85 
95 30 73 60 85 63 89 48 8 27 49 75 79 73 87 13 15 20 58 73 9 39 87 73 56 84 23 39 15 84 
56 25 73 96 72 38 46 70 29 20 23 90 1 21 49 88 15 67 94 32 75 93 56 63 51 17 7 5 78 54 
58 82 95 11 21 24 7 7 81 36 66 0 21 64 2 35 48 84 28 26 11 4 31 46 38 36 11 84 91 99 
12 93 44 52 87 42 32 61 77 48 12 61 82 35 46 62 86 63 89 2 33 24 49 59 82 85 51 75 89 31 
14 35 86 49 34 25 58 35 24 57 40 35 57 28 92 40 15 56 97 96 35 9 25 11 10 25 42 53 86 75 
45 81 55 34 74 59 41 58 18 25 40 66 19 34 35 95 46 98 19 70 88 68 96 7 81 56 24 34 87 88 
37 10 73 26 66 75 62 1 25 42 65 61 42 50 92 3 60 4 33 58 22 85 25 52 33 23 68 42 40 23 
53 19 93 37 2 22 74 88 45 98 95 95 81 14 20 71 4 93 47 73 75 37 63 35 84 67 53 15 35 73 
35 35 40 68 44 90 0 95 78 62 30 12 7 65 37 68 85 0 58 45 10 3 32 18 51 9 52 72 12 72 
21 67 7 16 4 48 75 82 68 37 50 37 35 48 67 30 87 27 71 11 16 95 59 72 99 53 72 50 28 67 
15 12 47 61 76 16 66 65 73 8 45 8 37 10 88 54 29 97 71 10 38 81 5 70 5 39 7 58 83 57 
21 98 14 82 24 8 89 92 7 18 22 42 5 35 59 31 28 20 95 5 17 55 67 94 11 88 56 44 24 20 
17 84 50 48 13 60 45 80 13 5 67 95 3 37 57 11 9 6 7 79 17 19 37 16 63 38 80 61 17 3 
52 91 78 38 47 48 60 51 92 64 41 20 50 81 99 26 49 98 53 95 86 3 92 38 30 65 55 6 20 93 
95 15 30 91 43 82 53 67 53 94 31 66 88 6 18 48 88 22 61 24 31 13 36 9 69 86 81 91 95 95 
1 78 92 58 33 7 66 32 21 16 41 53 15 8 93 38 97 64 47 17 11 83 58 30 41 57 44 21 61 99 
58 7 51 6 11 89 72 92 71 62 16 52 18 26 82 29 18 97 70 88 54 83 54 40 19 69 96 46 62 28 
25 13 45 48 63 55 53 44 95 68 57 96 11 71 27 37 57 87 49 65 85 71 83 72 79 23 75 10 6 19 
14 23 17 74 76 31 86 98 15 40 82 24 95 18 92 11 62 41 51 55 96 31 49 57 6 15 12 30 61 87 
87 63 44 50 64 38 99 70 35 0 95 75 54 14 32 62 57 55 62 25 59 25 90 89 29 79 95 25 14 25 
82 87 65 3 40 84 81 81 81 87 82 16 89 22 64 62 87 20 11 25 17 3 64 4 88 37 54 68 20 91 
83 39 20 54 79 9 41 31 69 94 17 7 62 97 91 40 3 57 50 36 75 86 64 18 34 18 69 78 15 41 
50 84 53 71 29 85 77 94 34 24 14 86 23 61 70 82 93 62 99 57 90 11 77 48 89 45 24 11 36 18 
63 12 51 54 92 86 37 33 20 11 53 27 87 84 37 82 62 5 87 4 12 87 44 99 57 59 27 88 73 42 
16 71 8 84 89 32 7 18 44 5 79 55 83 34 47 32 23 11 57 91 62 60 41 37 25 11 67 12 60 80 
8 87 58 53 25 55 26 26 38 67 24 62 34 65 55 68 38 90 68 92 32 58 6 6 21 67 20 9 69 41 
19 85 40 42 36 86 46 11 26 27 62 0 26 22 80 23 50 82 89 36 81 74 26 16 5 94 22 2 88 13 
37 22 85 94 69 18 46 95 66 35 48 3 94 51 71 54 18 49 96 58 18 64 96 9 39 65 44 60 50 35 
62 96 53 75 85 31 76 43 8 13 41 0 53 3 82 22 54 86 64 9 72 10 25 88 70 58 33 2 6 16 
47 27 48 87 14 60 95 48 33 63 67 73 87 70 96 54 11 83 42 97 44 10 2 79 98 36 82 81 29 10 
72 56 91 6 27 68 24 80 42 27 94 42 88 17 82 3 34 66 1 68 78 23 93 1 61 36 12 56 37 48 
10 70 24 53 96 65 51 76 2 81 98 79 3 59 62 90 64 48 21 26 11 82 76 53 60 74 72 83 25 10 
63 29 21 52 38 59 12 67 48 5 75 49 85 45 85 12 4 40 32 48 11 2 33 95 25 32 2 61 6 52 
84 81 8 3 65 18 93 6 24 41 18 1 81 15 73 97 56 16 50 23 47 35 53 40 95 45 86 60 88 39 
82 3 19 66 48 51 8 24 64 7 55 83 33 65 71 51 81 35 14 2 61 98 29 37 99 67 63 36 96 90 
99 26 68 26 49 80 79 59 78 17 24 52 63 56 42 54 5 69 77 89 44 18 21 28 61 71 95 90 36 40 
63 32 26 81 80 42 76 57 24 19 62 36 46 15 40 91 65 79 54 27 76 20 19 33 38 82 87 48 88 94 
52 96 68 47 71 7 84 0 91 46 25 25 8 13 0 44 16 87 95 5 1 23 41 16 96 28 44 32 9 71 
23 47 84 12 68 55 47 49 93 80 68 13 51 79 26 71 55 72 58 6 1 53 39 98 87 98 17 4 92 57 
93 34 44 93 39 60 92 27 77 93 68 92 69 43 93 86 86 27 80 8 66 83 22 97 74 34 72 15 12 79 
60 39 65 25 92 57 62 81 43 92 98 67 19 73 40 38 66 55 19 88 40 42 77 17 74 69 19 56 8 44 
96 88 50 64 11 23 8 45 33 83 95 32 53 44 6 94 15 15 7 1 18 56 99 45 66 73 43 51 2 31 
50 96 70 83 86 26 80 99 29 41 70 42 0 82 1 36 35 51 13 11 79 43 37 22 20 66 41 85 91 83 
60 69 7 7 21 33 17 20 79 17 94 9 23 99 79 35 9 98 61 74 39 77 66 6 88 71 66 34 48 55 
53 59 40 20 32 45 22 25 15 48 79 32 38 94 81 65 28 37 55 28 89 18 83 86 76 16 47 80 95 57 
67 51 36 28 2 80 29 9 33 62 74 16 10 93 94 19 69 15 19 89 29 67 71 73 23 23 41 9 51 18 
65 24 16 8 22 92 16 83 49 25 96 66 13 33 64 40 96 87 46 94 92 45 31 95 7 55 22 92 18 21 
96 47 34 4 48 28 66 9 63 8 92 50 45 73 74 16 93 5 74 81 8 13 67 17 73 38 47 11 28 17 
83 95 40 20 56 45 52 81 96 92 35 75 7 71 94 40 23 84 10 12 57 65 87 50 31 69 78 60 89 16 
75 35 40 79 2 82 85 73 52 4 14 9 34 47 90 4 48 39 48 62 90 79 73 80 52 51 49 21 78 72 
78 78 85 2 14 24 62 72 72 97 10 0 95 80 74 27 86 94 93 59 61 80 67 15 48 49 5 27 58 46 
17 24 9 32 63 92 54 88 60 19 69 2 22 42 87 83 80 64 91 18 6 7 99 71 39 19 7 74 87 60 
68 75 52 8 25 44 3 95 33 32 98 45 24 56 21 68 14 48 87 45 44 81 46 7 21 74 62 87 72 35 
73 96 62 90 47 60 17 7 82 19 46 21 39 66 84 6 75 83 69 63 43 2 39 18 59 1 8 32 55 3 
66 95 75 48 99 30 81 56 26 49 66 88 13 26 6 87 95 76 90 59 23 67 4 9 12 93 79 46 68 95 
96 45 8 93 41 0 8 88 40 17 39 22 4 44 76 24 83 7 1 74 5 38 17 56 40 80 52 1 22 18 
29 13 25 82 17 51 53 98 94 11 25 5 93 12 33 46 2 93 17 18 45 83 97 26 67 80 29 75 95 66 
95 10 45 45 43 78 9 69 32 59 34 2 44 22 74 31 74 71 80 19 13 2 67 70 79 97 63 44 61 92 
25 42 85 32 92 53 11 85 0 26 32 67 80 18 18 15 14 24 36 12 23 91 38 35 7 79 99 93 67 6 
39 74 75 12 70 11 69 4 54 51 3 83 46 70 55 72 80 72 97 65 13 80 68 4 22 85 4 34 41 23 
16 82 74 5 26 89 12 91 0 69 54 14 30 79 99 86 57 28 72 24 52 55 85 2 76 56 52 10 92 40 
25 63 18 40 89 11 7 16 59 33 32 24 56 5 92 32 56 0 59 8 48 43 58 27 17 25 28 51 80 63 
8 80 8 55 57 3 19 62 98 65 43 16 35 51 65 47 97 41 16 64 3 89 71 44 43 45 62 9 32 97 
16 88 84 18 81 11 90 49 8 68 24 40 86 37 2 35 48 55 54 85 13 96 9 0 18 84 82 0 58 35 
19 7 31 21 51 98 73 7 46 12 13 83 60 71 93 8 50 66 33 36 68 21 18 83 69 28 75 62 0 13 
27 99 42 99 60 91 41 41 47 88 28 79 0 0 31 20 56 59 20 40 7 90 43 88 39 77 47 11 39 20 
68 36 81 14 78 94 95 18 81 51 3 66 14 93 47 59 7 78 52 37 75 55 20 9 83 2 19 99 81 44 
19 40 10 51 13 13 27 21 92 15 98 10 78 20 53 49 43 38 9 67 45 8 3 16 83 77 87 62 35 38 
84 77 34 50 93 67 7 42 15 10 67 88 18 80 43 97 69 0 87 60 5 37 84 53 14 33 66 69 57 43 
3 46 41 13 14 15 36 26 29 68 87 98 95 33 65 2 5 9 60 52 91 88 14 68 5 71 44 18 2 54 
89 2 74 48 10 11 0 48 5 97 32 73 16 26 15 39 60 98 9 38 95 66 75 29 1 70 29 78 48 91 
83 93 81 76 34 31 25 85 44 0 15 81 57 56 95 40 25 89 25 69 34 30 18 57 72 31 78 83 63 8 
9 74 65 38 27 80 5 53 90 3 9 65 30 7 27 35 42 90 84 56 78 96 95 2 48 97 27 84 10 77 
2 11 31 95 60 34 20 9 47 36 85 86 69 80 60 33 56 44 98 31 13 7 38 38 44 35 74 9 92 21 
7 50 23 54 41 87 46 19 53 40 53 72 61 13 9 24 66 50 39 34 28 24 93 98 19 36 68 79 61 74 
33 18 29 31 92 23 92 87 60 20 15 26 54 18 46 16 24 18 58 76 60 73 21 32 67 81 38 10 91 50 
47 27 28 91 82 78 60 20 57 36 98 61 96 3 16 0 39 81 22 25 91 58 88 48 87 24 38 98 6 59 
71 31 42 55 62 99 24 81 64 64 35 82 20 53 82 85 42 10 12 49 20 51 71 75 78 61 61 76 69 83 
34 63 5 75 32 4 34 45 59 55 28 91 49 74 46 4 59 66 70 7 12 18 47 43 52 35 70 31 3 64 
87 64 34 79 23 98 75 71 53 71 41 50 59 55 42 70 55 11 11 19 73 19 58 37 42 91 37 75 92 98 
93 73 76 60 12 48 92 87 1 9 40 65 70 42 53 27 83 30 89 65 20 98 62 38 43 13 56 27 76 62 
56 14 37 91 85 82 75 86 15 93 16 28 24 53 96 38 90 96 65 19 52 47 67 35 82 27 35 5 49 25 

46 76 83 21 64 45 52 70 87 88 35 7 99 82 72 77 36 15 21 6 23 56 80 54 27 75 58 9 21 87 
38 41 89 35 96 44 11 26 49 70 14 96 62 91 65 54 28 70 68 45 4 23 62 34 67 89 47 76 24 62 
90 52 88 33 72 79 4 55 91 9 92 29 32 97 30 69 53 89 5 1 72 58 5 0 38 0 16 69 20 64 
62 13 61 74 4 66 62 63 64 82 10 45 66 71 56 76 0 69 8 89 37 64 96 4 78 7 25 39 97 97 
17 94 8 6 23 60 81 87 38 85 79 82 57 4 81 26 61 10 33 1 11 22 31 7 0 77 27 38 80 55 
6 77 67 14 95 64 99 89 91 95 90 84 2 43 10 73 67 25 82 67 86 53 78 22 70 35 53 13 2 23 
49 70 61 20 62 65 57 92 49 3 76 46 18 43 33 82 31 58 80 7 18 9 16 93 64 94 9 4 37 91 
5 18 63 21 5 43 56 78 23 72 70 14 53 52 33 85 23 45 70 80 99 15 25 90 79 69 56 5 74 27 
43 30 83 9 38 63 3 63 60 78 24 67 93 0 11 75 59 78 67 9 60 77 26 96 23 55 28 9 80 93 
69 71 74 94 33 13 78 69 43 8 49 82 86 20 87 6 15 37 27 29 13 80 24 5 86 1 91 42 14 20 
97 62 69 59 44 85 2 76 69 29 39 4 60 0 37 52 54 46 0 10 83 89 55 94 66 38 29 88 70 80 
88 89 3 83 21 67 78 53 81 73 88 49 25 88 87 31 0 65 36 99 78 25 81 51 35 16 79 66 27 18 
63 93 99 83 32 94 48 25 10 84 14 10 94 52 61 97 88 69 99 41 6 12 32 65 88 50 46 42 43 97 
75 57 30 94 94 47 51 2 47 21 89 11 91 21 34 82 30 74 80 0 55 40 78 99 20 68 81 64 28 95 
20 54 94 76 96 90 19 8 65 79 84 95 71 7 51 71 40 94 37 69 44 2 88 5 98 41 71 27 47 12 
67 32 62 82 25 50 45 80 18 72 15 65 4 42 24 88 82 55 30 66 13 32 19 44 17 55 50 88 91 90 
86 55 2 35 5 37 36 59 24 55 34 23 78 67 21 12 29 11 20 97 10 90 9 23 5 88 58 90 54 55 
56 59 7 98 16 19 71 97 15 88 37 98 7 28 65 60 25 10 75 76 48 50 67 76 2 4 65 89 26 91 
65 24 18 92 32 86 45 28 68 56 76 27 52 85 77 31 25 85 79 96 64 25 1 98 80 50 93 40 21 93 
35 17 74 47 1 99 91 9 70 34 90 23 55 69 98 82 82 55 42 50 19 82 8 43 58 54 9 58 4 4 
57 39 98 7 8 39 3 48 28 95 20 41 16 27 13 14 64 49 58 7 37 32 54 39 30 56 50 61 3 60 
82 71 18 57 25 81 30 87 95 60 96 18 76 82 14 12 32 65 99 39 40 68 65 74 67 90 63 33 55 92 
95 35 97 24 9 71 24 36 41 41 22 10 60 92 65 18 34 42 19 31 15 95 61 3 20 86 15 13 54 85 
99 47 6 80 43 46 96 95 3 53 74 21 2 28 95 75 62 42 15 95 6 23 84 55 53 55 27 45 28 40 
58 65 58 60 41 6 36 29 8 37 68 87 0 12 26 2 88 66 91 75 80 69 44 61 38 45 46 47 53 97 
8 59 42 67 54 93 92 45 17 68 32 96 23 78 28 68 60 69 36 5 25 70 39 76 13 66 72 87 68 81 
96 53 34 13 84 30 60 35 36 44 51 61 17 65 72 42 98 9 42 24 47 77 86 6 88 48 11 65 40 94 
46 40 92 92 54 98 72 33 96 8 37 67 23 14 75 27 14 77 91 23 84 18 40 8 42 95 7 32 63 90 
58 71 6 86 14 60 92 67 6 98 31 63 45 96 46 36 76 58 51 59 21 64 72 53 46 64 13 77 65 96 
17 77 3 14 71 60 68 71 46 24 98 89 81 80 95 30 52 39 52 27 79 45 39 55 63 89 6 57 63 22 
15 20 44 68 12 14 64 83 99 5 87 32 67 12 13 70 8 85 0 44 96 93 95 72 31 85 91 38 72 38 
8 31 96 5 37 7 83 51 6 57 85 10 57 6 48 16 40 71 91 95 71 72 63 11 94 54 20 11 61 69 
6 2 11 32 34 68 15 46 77 1 15 63 44 2 74 15 83 91 26 53 39 10 69 51 67 24 70 88 64 55 
52 5 83 86 84 85 39 43 19 40 13 27 9 59 25 62 30 87 26 69 80 15 29 97 23 14 84 70 15 49 
58 8 17 22 88 68 88 79 9 80 13 48 73 90 4 88 17 39 88 99 44 26 62 86 28 42 83 99 50 77 
17 91 31 30 81 53 16 70 30 32 28 49 85 34 0 39 14 68 43 51 86 86 12 79 81 24 86 47 24 46 
65 68 67 50 52 43 44 85 73 54 67 94 63 36 47 69 95 16 53 0 61 81 35 38 17 87 92 18 40 32 
44 3 86 56 51 39 20 42 78 59 79 27 6 40 70 42 35 26 24 56 32 61 68 79 20 99 58 52 0 85 
14 31 66 20 33 46 55 53 76 85 31 71 61 35 99 81 90 89 5 83 12 87 60 11 94 65 99 66 44 17 
58 73 15 0 34 53 86 38 63 65 93 0 22 72 59 69 50 51 50 13 41 24 44 27 46 89 7 22 3 93 
95 68 68 59 39 8 17 64 87 20 57 28 80 79 44 68 23 61 9 20 62 69 47 37 68 87 96 12 9 4 
37 88 41 34 79 50 67 45 6 17 39 75 18 76 84 85 63 18 15 84 76 83 25 28 52 13 92 72 16 79 
39 31 79 13 25 84 90 82 66 15 18 83 4 78 25 22 88 45 19 38 7 55 97 66 25 80 9 52 84 76 
8 67 73 89 82 86 99 32 49 22 87 40 91 35 8 95 56 57 7 55 27 97 82 33 69 27 30 29 92 54 
73 87 76 34 20 32 70 78 27 31 49 66 69 61 88 54 35 86 87 55 98 77 73 19 35 18 37 50 99 1 
1 26 52 86 18 15 29 82 41 16 84 78 36 38 38 34 93 23 31 2 94 65 49 42 17 84 71 53 94 52 
73 34 58 80 71 44 34 29 81 26 69 82 55 13 0 95 3 32 17 31 4 85 48 22 85 46 93 25 5 23 
80 76 82 86 10 31 43 27 22 71 96 21 98 11 38 16 84 22 61 48 91 71 22 72 21 34 69 53 8 30 
66 56 86 99 38 33 25 1 42 90 76 17 27 89 48 93 39 11 75 33 94 89 73 42 14 90 83 94 98 95 
43 43 90 21 50 25 43 66 96 14 2 83 92 23 65 21 10 76 77 64 12 72 70 81 41 46 69 58 3 71 
6 71 52 60 27 29 59 87 82 94 39 1 18 46 61 25 38 73 51 57 81 82 79 14 44 67 98 91 38 90 
48 16 61 46 62 35 37 35 47 50 29 43 95 98 47 13 75 37 6 70 9 93 92 16 13 63 56 6 71 89 
34 88 82 59 70 53 76 75 90 35 99 8 40 57 26 42 6 8 23 54 69 3 99 92 61 57 95 51 31 76 
9 57 29 50 69 10 74 93 65 40 68 66 47 83 60 97 18 79 73 50 93 51 61 31 4 19 50 39 56 42 
82 71 86 15 56 65 71 58 49 32 80 48 65 10 70 29 20 40 82 57 87 48 72 82 51 80 86 92 33 40 
77 29 7 3 99 92 11 12 50 71 10 5 41 70 82 88 98 28 34 82 51 29 49 3 43 81 47 44 78 85 
92 78 85 34 89 99 67 16 48 65 63 99 4 14 42 32 36 66 8 93 5 35 82 55 20 11 90 60 90 81 
84 26 24 13 57 9 99 6 33 25 85 90 68 69 18 28 52 14 51 51 27 65 20 28 55 97 21 57 96 14 
58 21 87 98 35 50 18 37 92 87 66 57 99 43 22 90 72 82 13 51 64 91 27 17 54 8 73 22 35 20 
39 16 65 57 38 38 40 32 41 29 9 22 56 59 28 74 78 50 23 81 39 33 22 78 32 49 66 39 65 3 
7 70 99 17 61 51 64 39 68 48 49 26 79 9 15 79 72 24 88 16 64 94 19 5 83 45 13 94 1 1 
80 18 40 70 52 50 32 33 67 47 58 27 11 99 15 62 82 73 90 29 6 35 24 59 15 66 18 69 89 11 
91 93 92 46 1 76 73 27 0 98 18 65 60 41 46 48 17 13 18 99 4 13 79 34 67 81 63 70 5 67 
29 91 53 30 99 76 17 34 38 40 22 11 66 48 34 4 22 4 69 10 5 21 96 96 55 19 94 32 70 25 
36 0 48 54 91 45 23 97 74 84 17 60 92 1 31 7 51 72 54 28 44 21 53 7 9 86 83 77 42 51 
19 96 13 69 12 51 95 88 6 7 22 57 82 38 39 66 7 9 94 43 6 8 98 28 92 30 47 89 5 73 
84 45 66 99 49 19 33 60 39 25 17 4 69 78 1 4 29 72 61 72 57 59 91 64 75 31 77 68 75 97 
66 54 27 87 40 8 68 36 74 91 84 40 48 95 87 62 42 70 64 51 34 74 44 1 69 45 5 50 85 4 
18 99 8 43 16 18 44 50 5 51 45 83 79 35 12 88 7 16 72 25 81 1 40 42 71 96 50 30 1 17 
18 25 65 73 70 46 32 45 53 6 5 32 4 4 56 29 48 99 20 43 54 38 53 90 67 62 62 9 92 28 
65 87 0 22 62 90 91 49 91 45 17 15 26 95 58 53 33 57 17 47 81 34 52 61 90 52 76 73 57 50 
0 75 85 27 80 92 18 16 9 14 45 58 58 67 35 94 63 57 17 72 5 56 3 73 27 20 36 86 2 68 
2 71 31 41 33 24 30 37 2 4 58 86 82 96 73 8 10 26 23 74 97 43 19 54 61 38 38 26 74 61 
53 97 58 66 86 23 68 83 45 62 46 4 74 89 26 34 32 40 41 32 89 93 51 59 92 74 92 98 44 67 
19 13 9 61 93 70 17 47 35 23 43 77 41 55 88 25 38 16 78 17 29 94 63 28 41 24 78 54 91 14 
1 11 24 44 26 19 89 61 25 72 65 83 66 99 39 90 31 79 13 54 27 50 85 35 94 28 17 59 57 37 
19 40 65 6 80 24 33 84 38 60 57 82 73 18 79 46 53 33 32 13 84 26 70 4 31 23 80 69 13 2 
30 71 92 21 89 80 11 89 31 22 43 29 11 95 64 0 72 44 58 2 19 69 18 76 69 98 0 65 66 57 
49 11 24 6 91 94 25 39 77 44 94 56 17 72 31 57 25 19 57 22 89 4 19 69 19 19 62 7 38 12 
48 27 32 58 87 1 56 91 23 71 76 60 73 63 85 37 12 43 31 83 69 14 42 41 56 15 26 32 60 59 
98 58 67 45 54 34 91 16 90 33 32 43 39 74 88 72 82 12 96 58 43 13 68 59 75 7 52 89 16 65 
45 39 48 36 16 7 95 46 33 17 54 35 99 0 36 94 36 72 56 30 74 37 6 53 36 0 5 87 30 51 
0 30 75 84 64 26 35 36 17 19 32 75 73 2 71 69 72 91 84 1 64 62 83 46 54 60 79 85 12 58 
10 44 26 10 81 87 34 45 11 88 72 95 30 66 30 35 91 55 86 6 77 56 74 24 13 78 3 10 27 67 
35 91 9 86 76 52 67 97 56 56 81 47 96 32 94 69 72 24 1 44 56 45 29 87 65 76 98 58 60 95 
33 3 75 47 44 79 71 73 11 15 42 63 31 27 10 8 14 70 4 51 44 1 93 84 30 97 29 15 24 39 
13 26 72 56 94 80 31 2 66 55 62 99 12 11 94 71 24 16 2 57 94 94 57 71 46 63 42 48 65 85 
23 5 38 29 46 92 15 38 84 15 52 49 47 60 96 90 52 52 30 66 95 26 70 17 79 77 0 92 1 52 
87 70 75 69 99 48 77 84 21 59 13 57 56 72 62 65 39 28 35 74 10 86 53 74 21 83 47 25 74 45 
17 79 18 95 12 73 42 46 11 6 57 73 31 47 42 8 79 35 94 99 23 70 28 22 59 6 97 42 95 98 

9442 11053 4677 10153 2005 9494 2416 4698 5566 3889 5807 11381 8010 11689 10136 3240 8318 4728 10393 2056 3719 11116 5096 4863 7731 2474 5090 3444 2524 7599 

17060 23824 9612 8793 12220 4428 26833 22103 23918 18701 13140 11901 20608 23072 11974 16471 14465 4699 10652 26019 3447 19181 15127 26158 8842 24711 2273 10614 9804 26456 